   2.0000000000000004E-004
 -0.00000000E+00  4.44855775E-07  8.73124950E-08  1.01402380E-07  4.94484282E-08 -2.09054508E-08  1.85073311E-08 -1.71805387E-08 -1.00641067E-08 -1.57453260E-08
 -4.44855775E-07 -0.00000000E+00 -4.27751638E-07 -1.21629865E-07 -2.01891997E-08  4.31105889E-08 -4.03323208E-08 -3.43421038E-09 -1.02728156E-09  3.06558164E-09
 -8.73124950E-08  4.27751638E-07 -0.00000000E+00 -2.42283949E-07 -3.38515023E-08  2.95607722E-08 -2.23670908E-08  2.70942123E-08  4.72712147E-08  3.58654079E-08
 -1.01402380E-07  1.21629865E-07  2.42283949E-07 -0.00000000E+00 -1.10545254E-07  1.35091591E-08  1.31025833E-08  2.13045727E-08  4.43492899E-08 -2.48987029E-08
 -4.94484282E-08  2.01891997E-08  3.38515023E-08  1.10545254E-07 -0.00000000E+00 -4.73850559E-08 -6.39082971E-08  1.39536820E-08  2.33753988E-08 -2.41777084E-08
  2.09054508E-08 -4.31105889E-08 -2.95607722E-08 -1.35091591E-08  4.73850559E-08 -0.00000000E+00 -1.76009381E-07 -5.62158826E-08 -1.76508114E-08 -6.79794762E-08
 -1.85073311E-08  4.03323208E-08  2.23670908E-08 -1.31025833E-08  6.39082971E-08  1.76009381E-07 -0.00000000E+00 -1.38235777E-08  2.99456640E-08  6.41197165E-08
  1.71805387E-08  3.43421038E-09 -2.70942123E-08 -2.13045727E-08 -1.39536820E-08  5.62158826E-08  1.38235777E-08 -0.00000000E+00 -7.53965033E-07 -1.27664806E-07
  1.00641067E-08  1.02728156E-09 -4.72712147E-08 -4.43492899E-08 -2.33753988E-08  1.76508114E-08 -2.99456640E-08  7.53965033E-07 -0.00000000E+00 -1.33682128E-07
  1.57453260E-08 -3.06558164E-09 -3.58654079E-08  2.48987029E-08  2.41777084E-08  6.79794762E-08 -6.41197165E-08  1.27664806E-07  1.33682128E-07 -0.00000000E+00
   2.2624331374480460E-004
 -0.00000000E+00  2.59842603E-08  9.01798709E-08  1.74116093E-09  2.27750219E-08  1.56192875E-08  3.41252634E-09 -5.66902211E-09 -6.38120741E-09  8.61940727E-10
 -2.59842603E-08 -0.00000000E+00  6.24934132E-08 -7.17782496E-08 -1.87458556E-08 -2.80212051E-08  5.78692910E-09 -1.10046521E-09 -3.36373724E-09 -1.48345962E-08
 -9.01798709E-08 -6.24934132E-08 -0.00000000E+00 -5.43998440E-09  1.10940987E-08 -1.36880524E-08  6.91178885E-09 -2.36898175E-09 -1.34441069E-08  8.25077853E-09
 -1.74116093E-09  7.17782496E-08  5.43998440E-09 -0.00000000E+00 -4.95209342E-09 -2.34783980E-08  3.11762335E-08 -2.34025039E-08  2.24700900E-08 -1.57046685E-08
 -2.27750219E-08  1.87458556E-08 -1.10940987E-08  4.95209342E-09 -0.00000000E+00 -1.56125113E-09  1.60516132E-08  3.08997619E-10  1.45066251E-08  3.20923843E-08
 -1.56192875E-08  2.80212051E-08  1.36880524E-08  2.34783980E-08  1.56125113E-09 -0.00000000E+00 -1.52547246E-07 -3.20923843E-09  9.79034562E-09 -1.58076677E-08
 -3.41252634E-09 -5.78692910E-09 -6.91178885E-09 -3.11762335E-08 -1.60516132E-08  1.52547246E-07 -0.00000000E+00 -2.14943081E-07 -7.96671756E-08  1.01188589E-07
  5.66902211E-09  1.10046521E-09  2.36898175E-09  2.34025039E-08 -3.08997619E-10  3.20923843E-09  2.14943081E-07 -0.00000000E+00  3.27960315E-07 -2.97071395E-08
  6.38120741E-09  3.36373724E-09  1.34441069E-08 -2.24700900E-08 -1.45066251E-08 -9.79034562E-09  7.96671756E-08 -3.27960315E-07 -0.00000000E+00 -3.21010579E-07
 -8.61940727E-10  1.48345962E-08 -8.25077853E-09  1.57046685E-08 -3.20923843E-08  1.58076677E-08 -1.01188589E-07  2.97071395E-08  3.21010579E-07 -0.00000000E+00
   2.5593018507115016E-004
 -0.00000000E+00 -7.52497294E-08  2.42576684E-08  2.29173234E-08  4.67961986E-08 -1.43175673E-08  1.17791790E-08 -4.05681348E-08 -1.40390629E-08 -1.21159593E-09
  7.52497294E-08 -0.00000000E+00 -1.06555390E-07 -1.00563817E-07 -1.71236181E-08  4.31729305E-08 -2.02935542E-08 -8.20198943E-09  9.65753085E-09  7.70867745E-09
 -2.42576684E-08  1.06555390E-07 -0.00000000E+00  8.25104958E-08 -2.32832417E-09  1.92689831E-08 -5.21962031E-08 -1.64256629E-09  6.17995238E-09  2.42590236E-08
 -2.29173234E-08  1.00563817E-07 -8.25104958E-08 -0.00000000E+00 -1.35799033E-07 -1.14383329E-09 -3.57353036E-08  8.80372164E-09  5.38306379E-09 -1.96240593E-09
 -4.67961986E-08  1.71236181E-08  2.32832417E-09  1.35799033E-07 -0.00000000E+00  3.52311496E-08 -2.15593602E-08 -3.45806283E-08  1.61871384E-08  1.25984292E-08
  1.43175673E-08 -4.31729305E-08 -1.92689831E-08  1.14383329E-09 -3.52311496E-08 -0.00000000E+00 -1.41271543E-07 -5.40474783E-08  2.55980133E-08  8.80372164E-09
 -1.17791790E-08  2.02935542E-08  5.21962031E-08  3.57353036E-08  2.15593602E-08  1.41271543E-07 -0.00000000E+00 -2.07537980E-07  1.44784358E-07  9.24607613E-08
  4.05681348E-08  8.20198943E-09  1.64256629E-09 -8.80372164E-09  3.45806283E-08  5.40474783E-08  2.07537980E-07 -0.00000000E+00  1.81799020E-07  5.81891306E-08
  1.40390629E-08 -9.65753085E-09 -6.17995238E-09 -5.38306379E-09 -1.61871384E-08 -2.55980133E-08 -1.44784358E-07 -1.81799020E-07 -0.00000000E+00  1.75684120E-07
  1.21159593E-09 -7.70867745E-09 -2.42590236E-08  1.96240593E-09 -1.25984292E-08 -8.80372164E-09 -9.24607613E-08 -5.81891306E-08 -1.75684120E-07 -0.00000000E+00
   2.8951246578909058E-004
 -0.00000000E+00  7.34501232E-08 -1.84622689E-08 -2.06713309E-08 -2.01573513E-08  3.49160533E-08  9.62839292E-09  5.43591864E-09  3.00256239E-09 -1.11022302E-08
 -7.34501232E-08 -0.00000000E+00  1.79503222E-08  5.33373259E-08  3.18348863E-09 -3.25003154E-08  6.17995238E-10  1.36230003E-08 -3.02383986E-08 -1.24737460E-08
  1.84622689E-08 -1.79503222E-08 -0.00000000E+00  4.47260501E-08 -4.23137003E-08 -2.01878445E-08  2.52320951E-08  8.06104315E-09 -1.29020059E-08 -7.52978409E-09
  2.06713309E-08 -5.33373259E-08 -4.47260501E-08 -0.00000000E+00  1.67446894E-07 -1.33356867E-08 -6.28295159E-08  4.96022494E-09  2.21177243E-09 -1.43982049E-08
  2.01573513E-08 -3.18348863E-09  4.23137003E-08 -1.67446894E-07 -0.00000000E+00  1.31345672E-07 -5.90456503E-08  6.06990586E-08 -1.01915004E-08 -1.37043155E-08
 -3.49160533E-08  3.25003154E-08  2.01878445E-08  1.33356867E-08 -1.31345672E-07 -0.00000000E+00 -8.28222040E-08  1.28196065E-07 -3.40005801E-08  1.01156063E-08
 -9.62839292E-09 -6.17995238E-10 -2.52320951E-08  6.28295159E-08  5.90456503E-08  8.28222040E-08 -0.00000000E+00  7.14922913E-08  6.96925156E-08  5.93600689E-08
 -5.43591864E-09 -1.36230003E-08 -8.06104315E-09 -4.96022494E-09 -6.06990586E-08 -1.28196065E-07 -7.14922913E-08 -0.00000000E+00  1.95882807E-07  9.80552445E-08
 -3.00256239E-09  3.02383986E-08  1.29020059E-08 -2.21177243E-09  1.01915004E-08  3.40005801E-08 -6.96925156E-08 -1.95882807E-07 -0.00000000E+00  1.79088515E-07
  1.11022302E-08  1.24737460E-08  7.52978409E-09  1.43982049E-08  1.37043155E-08 -1.01156063E-08 -5.93600689E-08 -9.80552445E-08 -1.79088515E-07 -0.00000000E+00
   3.2750129815276610E-004
 -0.00000000E+00  4.20904902E-07  5.03923617E-08 -3.53094154E-08 -8.38698143E-09 -1.33871863E-08 -1.84897128E-08 -1.82959117E-10  1.00336135E-08  3.00459527E-09
 -4.20904902E-07 -0.00000000E+00  3.24068029E-08 -2.96647201E-07 -8.17474886E-08  4.75991859E-08 -3.83807569E-08 -2.26950620E-08 -3.87304121E-08  1.82444121E-08
 -5.03923617E-08 -3.24068029E-08 -0.00000000E+00 -8.91485236E-09  1.29995840E-08  2.74303150E-09 -1.91632734E-09  2.40259201E-08  1.46800974E-08 -1.14058069E-08
  3.53094154E-08  2.96647201E-07  8.91485236E-09 -0.00000000E+00 -3.01698228E-07  6.66513286E-08 -1.21701694E-08 -3.43475248E-08 -1.67346605E-08  8.53809211E-09
  8.38698143E-09  8.17474886E-08 -1.29995840E-08  3.01698228E-07 -0.00000000E+00 -9.63964152E-08 -1.35633692E-08 -1.60082451E-08  3.62123526E-08  3.64075090E-08
  1.33871863E-08 -4.75991859E-08 -2.74303150E-09 -6.66513286E-08  9.63964152E-08 -0.00000000E+00  6.54749692E-08  1.97324795E-09 -2.68882139E-08 -2.22695126E-08
  1.84897128E-08  3.83807569E-08  1.91632734E-09  1.21701694E-08  1.35633692E-08 -6.54749692E-08 -0.00000000E+00 -7.49725802E-08 -4.29344060E-09  5.41342145E-08
  1.82959117E-10  2.26950620E-08 -2.40259201E-08  3.43475248E-08  1.60082451E-08 -1.97324795E-09  7.49725802E-08 -0.00000000E+00 -3.37360348E-07 -2.79182059E-08
 -1.00336135E-08  3.87304121E-08 -1.46800974E-08  1.67346605E-08 -3.62123526E-08  2.68882139E-08  4.29344060E-09  3.37360348E-07 -0.00000000E+00 -2.60707254E-07
 -3.00459527E-09 -1.82444121E-08  1.14058069E-08 -8.53809211E-09 -3.64075090E-08  2.22695126E-08 -5.41342145E-08  2.79182059E-08  2.60707254E-07 -0.00000000E+00
   3.7047489474903482E-004
 -0.00000000E+00 -1.32312814E-07 -1.37171904E-08  3.67375130E-08  2.05314010E-08 -1.37022826E-08  3.78725371E-09  9.62839292E-09 -1.08630281E-08  5.35324823E-10
  1.32312814E-07 -0.00000000E+00 -1.19204641E-07  1.97053745E-08 -2.20486064E-08  4.55080309E-08 -7.18012889E-09  5.54027310E-09 -7.77372958E-09 -6.23416249E-09
  1.37171904E-08  1.19204641E-07 -0.00000000E+00  1.25588559E-07 -2.68068987E-09 -3.54805161E-09  9.10729825E-09  3.53449908E-09 -1.43656788E-09  1.57209315E-08
 -3.67375130E-08 -1.97053745E-08 -1.25588559E-07 -0.00000000E+00 -7.87049462E-08  1.55040911E-08 -1.82850696E-08 -1.31730564E-09  1.51950934E-08 -8.13151629E-11
 -2.05314010E-08  2.20486064E-08  2.68068987E-09  7.87049462E-08 -0.00000000E+00 -1.98425261E-07  9.66783077E-08 -5.32776948E-08  9.08561421E-09  5.17272856E-08
  1.37022826E-08 -4.55080309E-08  3.54805161E-09 -1.55040911E-08  1.98425261E-07 -0.00000000E+00  4.04743513E-07 -1.57968257E-08 -1.68593438E-08  2.70508442E-08
 -3.78725371E-09  7.18012889E-09 -9.10729825E-09  1.82850696E-08 -9.66783077E-08 -4.04743513E-07 -0.00000000E+00  1.27773226E-07  2.22478286E-08  5.96311195E-09
 -9.62839292E-09 -5.54027310E-09 -3.53449908E-09  1.31730564E-09  5.32776948E-08  1.57968257E-08 -1.27773226E-07 -0.00000000E+00 -4.43438689E-08  2.96312454E-08
  1.08630281E-08  7.77372958E-09  1.43656788E-09 -1.51950934E-08 -9.08561421E-09  1.68593438E-08 -2.22478286E-08  4.43438689E-08 -0.00000000E+00 -9.26776017E-08
 -5.35324823E-10  6.23416249E-09 -1.57209315E-08  8.13151629E-11 -5.17272856E-08 -2.70508442E-08 -5.96311195E-09 -2.96312454E-08  9.26776017E-08 -0.00000000E+00
   4.1908733923639669E-004
 -0.00000000E+00  7.39896832E-08  1.66055727E-08 -9.49794984E-09 -7.63684905E-09  9.85133199E-09 -1.99784579E-08  1.86143960E-08  2.61441801E-08 -2.20906193E-10
 -7.39896832E-08 -0.00000000E+00 -5.89656904E-08  1.82118860E-08  2.82326246E-08  5.04154010E-10 -1.42735216E-08  8.67361738E-09  1.22108270E-08 -9.35395424E-09
 -1.66055727E-08  5.89656904E-08 -0.00000000E+00  4.63306693E-08  1.24954300E-08 -1.46638344E-08 -6.65971184E-09 -1.04462879E-08 -7.56231015E-09  2.19008839E-09
  9.49794984E-09 -1.82118860E-08 -4.63306693E-08 -0.00000000E+00  1.25366297E-07 -4.75314232E-08 -4.95697233E-08 -1.31676354E-08 -1.11022302E-08 -1.00722382E-08
  7.63684905E-09 -2.82326246E-08 -1.24954300E-08 -1.25366297E-07 -0.00000000E+00  1.45760140E-07  4.98299318E-08 -4.44522891E-10  3.23092247E-08  5.97720658E-08
 -9.85133199E-09 -5.04154010E-10  1.46638344E-08  4.75314232E-08 -1.45760140E-07 -0.00000000E+00  1.28456273E-07 -4.28693539E-08 -8.73650111E-08 -3.23959609E-08
  1.99784579E-08  1.42735216E-08  6.65971184E-09  4.95697233E-08 -4.98299318E-08 -1.28456273E-07 -0.00000000E+00  1.71054577E-07  3.14527050E-08 -2.13587828E-09
 -1.86143960E-08 -8.67361738E-09  1.04462879E-08  1.31676354E-08  4.44522891E-10  4.28693539E-08 -1.71054577E-07 -0.00000000E+00  6.79697184E-07 -8.30824125E-08
 -2.61441801E-08 -1.22108270E-08  7.56231015E-09  1.11022302E-08 -3.23092247E-08  8.73650111E-08 -3.14527050E-08 -6.79697184E-07 -0.00000000E+00 -2.30674854E-07
  2.20906193E-10  9.35395424E-09 -2.19008839E-09  1.00722382E-08 -5.97720658E-08  3.23959609E-08  2.13587828E-09  8.30824125E-08  2.30674854E-07 -0.00000000E+00
   4.7407854188667720E-004
 -0.00000000E+00 -4.69894916E-08 -4.27639830E-08  5.83842870E-09 -1.43650012E-08  1.84131410E-08 -3.26744653E-08  9.02869359E-09  8.47100710E-09  6.30463563E-09
  4.69894916E-08 -0.00000000E+00  2.15214131E-09  8.62103357E-08  1.81739389E-09 -3.94649591E-09 -1.82010440E-08  3.75215267E-08 -2.58934584E-08  4.12809977E-09
  4.27639830E-08 -2.15214131E-09 -0.00000000E+00 -1.13041629E-07  8.63295980E-08  5.73271899E-09  2.06513409E-08 -2.71701064E-08 -2.69857921E-08  3.57786717E-10
 -5.83842870E-09 -8.62103357E-08  1.13041629E-07 -0.00000000E+00  2.08383658E-08 -4.56449115E-09 -2.79724161E-09  5.85198123E-08  7.43220589E-09 -4.89517281E-09
  1.43650012E-08 -1.81739389E-09 -8.63295980E-08 -2.08383658E-08 -0.00000000E+00 -2.27140355E-08 -5.91432285E-09 -7.99490682E-08 -2.32019265E-08 -4.56991216E-08
 -1.84131410E-08  3.94649591E-09 -5.73271899E-09  4.56449115E-09  2.27140355E-08 -0.00000000E+00 -1.43992891E-07 -1.46475714E-08  1.35525272E-09  5.93492269E-08
  3.26744653E-08  1.82010440E-08 -2.06513409E-08  2.79724161E-09  5.91432285E-09  1.43992891E-07 -0.00000000E+00  1.60342659E-07 -2.12720466E-07  2.95553512E-08
 -9.02869359E-09 -3.75215267E-08  2.71701064E-08 -5.85198123E-08  7.99490682E-08  1.46475714E-08 -1.60342659E-07 -0.00000000E+00  5.47088416E-08  3.62015105E-08
 -8.47100710E-09  2.58934584E-08  2.69857921E-08 -7.43220589E-09  2.32019265E-08 -1.35525272E-09  2.12720466E-07 -5.47088416E-08 -0.00000000E+00  2.30284541E-07
 -6.30463563E-09 -4.12809977E-09 -3.57786717E-10  4.89517281E-09  4.56991216E-08 -5.93492269E-08 -2.95553512E-08 -3.62015105E-08 -2.30284541E-07 -0.00000000E+00
   5.3628550145873441E-004
 -0.00000000E+00  1.35015358E-07  3.45531844E-08  3.89347165E-08  5.59821015E-08 -2.09298453E-08  2.30636907E-08 -1.92378123E-09 -3.04111933E-08 -1.84720945E-09
 -1.35015358E-07 -0.00000000E+00 -4.66803245E-08 -1.05946881E-07  2.72798819E-08  1.20116048E-08 -1.26960074E-08 -1.36419738E-08  4.89246230E-09  4.34765071E-09
 -3.45531844E-08  4.66803245E-08 -0.00000000E+00 -1.88746046E-07  1.25875872E-08 -1.15603057E-08 -3.61310374E-08  1.95915333E-08 -1.83230167E-08  3.30139562E-09
 -3.89347165E-08  1.05946881E-07  1.88746046E-07 -0.00000000E+00 -3.98701796E-07  8.61019155E-08 -3.67327696E-08 -5.59719372E-08 -2.40692882E-08 -1.22840106E-08
 -5.59821015E-08 -2.72798819E-08 -1.25875872E-08  3.98701796E-07 -0.00000000E+00 -1.25051879E-07 -2.20526722E-08  1.28477957E-07  1.91036423E-08  4.01371644E-08
  2.09298453E-08 -1.20116048E-08  1.15603057E-08 -8.61019155E-08  1.25051879E-07 -0.00000000E+00  8.77661659E-08 -3.57461456E-08 -3.33717429E-08  8.13151629E-09
 -2.30636907E-08  1.26960074E-08  3.61310374E-08  3.67327696E-08  2.20526722E-08 -8.77661659E-08 -0.00000000E+00  2.90642076E-07  8.28438880E-08 -1.74881810E-08
  1.92378123E-09  1.36419738E-08 -1.95915333E-08  5.59719372E-08 -1.28477957E-07  3.57461456E-08 -2.90642076E-07 -0.00000000E+00  2.34491246E-07 -8.71915387E-08
  3.04111933E-08 -4.89246230E-09  1.83230167E-08  2.40692882E-08 -1.91036423E-08  3.33717429E-08 -8.28438880E-08 -2.34491246E-07 -0.00000000E+00  1.05969920E-07
  1.84720945E-09 -4.34765071E-09 -3.30139562E-09  1.22840106E-08 -4.01371644E-08 -8.13151629E-09  1.74881810E-08  8.71915387E-08 -1.05969920E-07 -0.00000000E+00
   6.0665504481659141E-004
 -0.00000000E+00  2.42675786E-07 -1.24913643E-08 -2.30250660E-08 -5.52062194E-09 -5.53010871E-09 -7.02156432E-09 -5.34172858E-09  7.71748659E-09  1.60082451E-08
 -2.42675786E-07 -0.00000000E+00 -5.45326588E-08 -2.52551344E-08 -6.09592671E-09 -1.90575637E-08 -3.82045741E-08 -1.41813644E-08 -3.45887598E-08  1.27664806E-08
  1.24913643E-08  5.45326588E-08 -0.00000000E+00 -1.23224998E-07  9.73342500E-08  5.13613674E-08  6.29514886E-08 -2.80699942E-08 -3.01408204E-09 -1.15196481E-08
  2.30250660E-08  2.52551344E-08  1.23224998E-07 -0.00000000E+00 -1.31733274E-07  3.76380784E-08  2.06594724E-08 -3.78820239E-08 -3.81530744E-08 -2.34892401E-08
  5.52062194E-09  6.09592671E-09 -9.73342500E-08  1.31733274E-07 -0.00000000E+00  6.74861642E-08 -2.64003229E-09  4.49564431E-08 -3.63207728E-09 -9.12898229E-09
  5.53010871E-09  1.90575637E-08 -5.13613674E-08 -3.76380784E-08 -6.74861642E-08 -0.00000000E+00  1.41011335E-07  5.17056016E-08 -5.57279917E-08 -4.74230030E-08
  7.02156432E-09  3.82045741E-08 -6.29514886E-08 -2.06594724E-08  2.64003229E-09 -1.41011335E-07 -0.00000000E+00  1.16302367E-07  1.87675396E-08  5.85794434E-08
  5.34172858E-09  1.41813644E-08  2.80699942E-08  3.78820239E-08 -4.49564431E-08 -5.17056016E-08 -1.16302367E-07 -0.00000000E+00  2.59709788E-07  8.38847221E-08
 -7.71748659E-09  3.45887598E-08  3.01408204E-09  3.81530744E-08  3.63207728E-09  5.57279917E-08 -1.87675396E-08 -2.59709788E-07 -0.00000000E+00 -1.83620480E-07
 -1.60082451E-08 -1.27664806E-08  1.15196481E-08  2.34892401E-08  9.12898229E-09  4.74230030E-08 -5.85794434E-08 -8.38847221E-08  1.83620480E-07 -0.00000000E+00
   6.8625823819654216E-004
 -0.00000000E+00  2.08687404E-07 -5.01477386E-08  3.64291930E-08  2.23799657E-08  1.73282612E-08 -1.84809037E-08  7.90993247E-09  1.86611523E-08 -1.71195523E-08
 -2.08687404E-07 -0.00000000E+00 -2.31125476E-07  9.60196549E-09  1.04378854E-07  3.93606046E-08  4.75178707E-08  1.47858071E-08 -1.81305708E-08 -3.28730099E-08
  5.01477386E-08  2.31125476E-07 -0.00000000E+00  1.97270585E-08  1.03018180E-07 -1.41217333E-09 -7.96888597E-09  3.38271078E-09  2.73381578E-08 -1.89193279E-09
 -3.64291930E-08 -9.60196549E-09 -1.97270585E-08 -0.00000000E+00 -3.22845591E-07 -9.50303204E-08 -1.08420217E-09  7.79758202E-08 -1.18774348E-08  2.96041403E-08
 -2.23799657E-08 -1.04378854E-07 -1.03018180E-07  3.22845591E-07 -0.00000000E+00 -1.96527907E-07 -4.53575979E-08  1.23729152E-07  3.34042689E-08  1.40621022E-08
 -1.73282612E-08 -3.93606046E-08  1.41217333E-09  9.50303204E-08  1.96527907E-07 -0.00000000E+00  8.22258928E-08  1.43320685E-07  4.83120488E-08  1.85615412E-08
  1.84809037E-08 -4.75178707E-08  7.96888597E-09  1.08420217E-09  4.53575979E-08 -8.22258928E-08 -0.00000000E+00 -9.48676901E-08  3.71881345E-08 -1.85723832E-08
 -7.90993247E-09 -1.47858071E-08 -3.38271078E-09 -7.79758202E-08 -1.23729152E-07 -1.43320685E-07  9.48676901E-08 -0.00000000E+00 -7.89949703E-08 -2.16753698E-07
 -1.86611523E-08  1.81305708E-08 -2.73381578E-08  1.18774348E-08 -3.34042689E-08 -4.83120488E-08 -3.71881345E-08  7.89949703E-08 -0.00000000E+00  1.31708880E-07
  1.71195523E-08  3.28730099E-08  1.89193279E-09 -2.96041403E-08 -1.40621022E-08 -1.85615412E-08  1.85723832E-08  2.16753698E-07 -1.31708880E-07 -0.00000000E+00
   7.7630668947128556E-004
 -0.00000000E+00  1.90601725E-07  5.25018126E-08 -1.45154342E-08  3.16993610E-09  4.33680869E-10 -1.10331124E-08  7.86046575E-11  1.07613842E-08 -2.26964172E-08
 -1.90601725E-07 -0.00000000E+00 -9.02767715E-08  3.58315265E-08  1.64297287E-08 -3.23227773E-09  1.92445886E-10 -2.55600662E-09 -6.50521303E-11  4.75476863E-08
 -5.25018126E-08  9.02767715E-08 -0.00000000E+00 -1.45098777E-07 -4.07117916E-08  2.33537148E-08 -6.76271105E-09  1.36988944E-08 -5.74627151E-09 -1.99493200E-08
  1.45154342E-08 -3.58315265E-08  1.45098777E-07 -0.00000000E+00  1.08501532E-08 -1.13353337E-08 -1.42193115E-08  2.69315820E-08  7.68157239E-09  3.29380620E-08
 -3.16993610E-09 -1.64297287E-08  4.07117916E-08 -1.08501532E-08 -0.00000000E+00  1.64690310E-08  4.81927866E-09 -2.35976603E-08  1.14166489E-08  1.89518540E-08
 -4.33680869E-10  3.23227773E-09 -2.33537148E-08  1.13353337E-08 -1.64690310E-08 -0.00000000E+00 -2.69424240E-08 -1.93530088E-08  6.09755302E-08 -4.41270284E-09
  1.10331124E-08 -1.92445886E-10  6.76271105E-09  1.42193115E-08 -4.81927866E-09  2.69424240E-08 -0.00000000E+00 -4.09720001E-08 -1.09905574E-07  2.43294968E-08
 -7.86046575E-11  2.55600662E-09 -1.36988944E-08 -2.69315820E-08  2.35976603E-08  1.93530088E-08  4.09720001E-08 -0.00000000E+00  2.70736124E-07  4.65773253E-08
 -1.07613842E-08  6.50521303E-11  5.74627151E-09 -7.68157239E-09 -1.14166489E-08 -6.09755302E-08  1.09905574E-07 -2.70736124E-07 -0.00000000E+00  1.78459678E-08
  2.26964172E-08 -4.75476863E-08  1.99493200E-08 -3.29380620E-08 -1.89518540E-08  4.41270284E-09 -2.43294968E-08 -4.65773253E-08 -1.78459678E-08 -0.00000000E+00
   8.7817098954121313E-004
 -0.00000000E+00  1.15166157E-07 -7.13516838E-08 -6.27088984E-08  3.90312782E-09 -7.19978005E-09 -1.98795245E-08 -9.98821251E-10  9.45288769E-09  8.14371357E-09
 -1.15166157E-07 -0.00000000E+00  4.23245423E-09 -4.74338450E-08  6.57378882E-08 -3.13131140E-08  1.36202898E-08 -2.51047013E-08 -1.73797608E-08 -3.60768273E-09
  7.13516838E-08 -4.23245423E-09 -0.00000000E+00 -2.76092083E-08 -3.43610774E-08 -3.99799551E-08 -4.72170046E-09  3.86084394E-08  1.56667214E-08  3.21682785E-08
  6.27088984E-08  4.74338450E-08  2.76092083E-08 -0.00000000E+00 -1.99398332E-07 -5.02527707E-08  3.55347262E-08  3.28242208E-08 -5.55870454E-08 -1.30971622E-08
 -3.90312782E-09 -6.57378882E-08  3.43610774E-08  1.99398332E-07 -0.00000000E+00  8.39660372E-08  4.28585119E-08  3.82181266E-08 -9.13223490E-08 -3.33066907E-08
  7.19978005E-09  3.13131140E-08  3.99799551E-08  5.02527707E-08 -8.39660372E-08 -0.00000000E+00  1.11661982E-07  3.91288564E-08  2.19334099E-08  2.71809485E-08
  1.98795245E-08 -1.36202898E-08  4.72170046E-09 -3.55347262E-08 -4.28585119E-08 -1.11661982E-07 -0.00000000E+00 -3.95625373E-08 -1.31069201E-07 -5.75928194E-08
  9.98821251E-10  2.51047013E-08 -3.86084394E-08 -3.28242208E-08 -3.82181266E-08 -3.91288564E-08  3.95625373E-08 -0.00000000E+00  5.92841748E-08 -2.29200339E-08
 -9.45288769E-09  1.73797608E-08 -1.56667214E-08  5.55870454E-08  9.13223490E-08 -2.19334099E-08  1.31069201E-07 -5.92841748E-08 -0.00000000E+00  3.51910341E-07
 -8.14371357E-09  3.60768273E-09 -3.21682785E-08  1.30971622E-08  3.33066907E-08 -2.71809485E-08  5.75928194E-08  2.29200339E-08 -3.51910341E-07 -0.00000000E+00
   9.9340157354179076E-004
 -0.00000000E+00  4.24942538E-07  8.31417048E-08  5.67403654E-08  4.66410222E-08  2.30697894E-08 -1.72543999E-08 -2.06933537E-08 -6.38527317E-09  1.45106908E-08
 -4.24942538E-07 -0.00000000E+00 -1.28492865E-07 -3.90990408E-09 -5.12637892E-08  2.81214938E-08 -2.50857278E-08 -9.54911063E-09 -3.25260652E-10  3.28215103E-08
 -8.31417048E-08  1.28492865E-07 -0.00000000E+00 -2.56042475E-07 -1.68485018E-08  5.13505254E-08 -2.03884219E-08  2.40909723E-08  2.35488712E-08  3.11545494E-08
 -5.67403654E-08  3.90990408E-09  2.56042475E-07 -0.00000000E+00 -1.87415188E-07 -1.53360397E-08  1.01427113E-08  3.17020715E-08 -3.67002435E-09 -1.85181731E-08
 -4.66410222E-08  5.12637892E-08  1.68485018E-08  1.87415188E-07 -0.00000000E+00 -2.03721588E-08  3.67002435E-09  2.28604028E-08 -3.46727855E-08 -4.27175656E-09
 -2.30697894E-08 -2.81214938E-08 -5.13505254E-08  1.53360397E-08  2.03721588E-08 -0.00000000E+00 -1.18015406E-07  1.26114397E-07 -9.62771529E-09  6.62447527E-09
  1.72543999E-08  2.50857278E-08  2.03884219E-08 -1.01427113E-08 -3.67002435E-09  1.18015406E-07 -0.00000000E+00 -1.52688192E-07  1.95481652E-08  7.45280573E-08
  2.06933537E-08  9.54911063E-09 -2.40909723E-08 -3.17020715E-08 -2.28604028E-08 -1.26114397E-07  1.52688192E-07 -0.00000000E+00 -1.37043155E-07 -1.31080043E-07
  6.38527317E-09  3.25260652E-10 -2.35488712E-08  3.67002435E-09  3.46727855E-08  9.62771529E-09 -1.95481652E-08  1.37043155E-07 -0.00000000E+00 -4.18762247E-07
 -1.45106908E-08 -3.28215103E-08 -3.11545494E-08  1.85181731E-08  4.27175656E-09 -6.62447527E-09 -7.45280573E-08  1.31080043E-07  4.18762247E-07 -0.00000000E+00
   1.1237523193869884E-003
 -0.00000000E+00 -4.32535172E-07 -1.25968029E-07 -2.93042907E-08 -3.54256284E-08  2.16691357E-08 -8.63363742E-09  2.69525884E-08 -8.71224208E-09  1.10358229E-08
  4.32535172E-07 -0.00000000E+00  2.35021827E-07  8.97746504E-08  1.04652615E-08 -3.09444853E-08  4.07497387E-08 -2.58311168E-09 -1.39265769E-08  1.86021988E-08
  1.25968029E-07 -2.35021827E-07 -0.00000000E+00 -3.04145814E-08  9.29676258E-08  2.39744205E-08  2.05917098E-08 -1.32814766E-09  2.36681334E-08  1.62630326E-09
  2.93042907E-08 -8.97746504E-08  3.04145814E-08 -0.00000000E+00  1.58277254E-07 -3.18592808E-08 -4.48697069E-08  1.96240593E-08  3.57244616E-09 -4.22730427E-08
  3.54256284E-08 -1.04652615E-08 -9.29676258E-08 -1.58277254E-07 -0.00000000E+00  4.69459541E-08 -8.07567988E-08 -4.91252004E-08  3.69170840E-08  2.44921271E-08
 -2.16691357E-08  3.09444853E-08 -2.39744205E-08  3.18592808E-08 -4.69459541E-08 -0.00000000E+00  1.23642416E-07  9.64072572E-08  2.18033057E-08  4.01154804E-10
  8.63363742E-09 -4.07497387E-08 -2.05917098E-08  4.48697069E-08  8.07567988E-08 -1.23642416E-07 -0.00000000E+00  3.91722245E-07 -2.54082779E-07  7.19368141E-08
 -2.69525884E-08  2.58311168E-09  1.32814766E-09 -1.96240593E-08  4.91252004E-08 -9.64072572E-08 -3.91722245E-07 -0.00000000E+00  3.36644775E-07 -8.04478012E-08
  8.71224208E-09  1.39265769E-08 -2.36681334E-08 -3.57244616E-09 -3.69170840E-08 -2.18033057E-08  2.54082779E-07 -3.36644775E-07 -0.00000000E+00  1.96283961E-07
 -1.10358229E-08 -1.86021988E-08 -1.62630326E-09  4.22730427E-08 -2.44921271E-08 -4.01154804E-10 -7.19368141E-08  8.04478012E-08 -1.96283961E-07 -0.00000000E+00
   1.2712072428326113E-003
 -0.00000000E+00 -4.62518953E-08  9.22354505E-08  9.27534959E-09 -1.98273472E-09  1.02314804E-08 -1.17161597E-09  8.33480420E-09 -8.24400227E-09  7.70732219E-09
  4.62518953E-08 -0.00000000E+00  1.54729203E-07 -7.57599821E-08 -9.17777139E-09 -4.39589771E-08  2.13696248E-08 -3.02194251E-08  5.81132364E-09  8.75764305E-09
 -9.22354505E-08 -1.54729203E-07 -0.00000000E+00  1.82332990E-07 -5.26515680E-08 -4.34033235E-08  1.66343718E-08  1.50920942E-08  3.89770681E-09  2.76905235E-08
 -9.27534959E-09  7.57599821E-08 -1.82332990E-07 -0.00000000E+00 -5.88586254E-08 -5.59231481E-08  5.20904934E-08  5.18790740E-08  1.93692718E-08  3.43692089E-09
  1.98273472E-09  9.17777139E-09  5.26515680E-08  5.88586254E-08 -0.00000000E+00 -2.04220321E-07  2.42427606E-08 -3.22983827E-08 -3.09864981E-08  2.21827764E-08
 -1.02314804E-08  4.39589771E-08  4.34033235E-08  5.59231481E-08  2.04220321E-07 -0.00000000E+00 -1.50671576E-07 -6.62555948E-08 -3.50197302E-09 -3.65918233E-08
  1.17161597E-09 -2.13696248E-08 -1.66343718E-08 -5.20904934E-08 -2.42427606E-08  1.50671576E-07 -0.00000000E+00 -1.35720428E-07 -5.99238541E-08 -9.68951482E-08
 -8.33480420E-09  3.02194251E-08 -1.50920942E-08 -5.18790740E-08  3.22983827E-08  6.62555948E-08  1.35720428E-07 -0.00000000E+00  1.39395873E-07  2.32452946E-08
  8.24400227E-09 -5.81132364E-09 -3.89770681E-09 -1.93692718E-08  3.09864981E-08  3.50197302E-09  5.99238541E-08 -1.39395873E-07 -0.00000000E+00 -5.29719497E-07
 -7.70732219E-09 -8.75764305E-09 -2.76905235E-08 -3.43692089E-09 -2.21827764E-08  3.65918233E-08  9.68951482E-08 -2.32452946E-08  5.29719497E-07 -0.00000000E+00
   1.4380106953742306E-003
 -0.00000000E+00  1.69961565E-07  1.20706261E-07  5.54799804E-08  1.04076632E-08 -1.64724191E-08  2.97816784E-09  1.06272142E-08  7.29532537E-09  3.19026489E-09
 -1.69961565E-07 -0.00000000E+00 -4.50757053E-09 -3.51213741E-08 -4.25684878E-08 -1.76264168E-08 -3.96330104E-08  2.59395370E-09  2.15322551E-08  1.57236420E-08
 -1.20706261E-07  4.50757053E-09 -0.00000000E+00 -1.23585495E-07  2.26706674E-08  5.60234368E-08 -2.13045727E-08  4.03648469E-08  2.14509400E-08 -1.63714528E-09
 -5.54799804E-08  3.51213741E-08  1.23585495E-07 -0.00000000E+00 -8.98939126E-08  1.79364986E-07 -6.74373751E-09 -1.14274909E-08 -2.72676846E-09  7.86588676E-09
 -1.04076632E-08  4.25684878E-08 -2.26706674E-08  8.98939126E-08 -0.00000000E+00  1.21051173E-07 -6.31005664E-09  2.57552226E-08 -1.79543880E-08  2.35488712E-08
  1.64724191E-08  1.76264168E-08 -5.60234368E-08 -1.79364986E-07 -1.21051173E-07 -0.00000000E+00 -6.04225871E-08 -5.29958022E-08 -8.04478012E-08 -1.19262239E-08
 -2.97816784E-09  3.96330104E-08  2.13045727E-08  6.74373751E-09  6.31005664E-09  6.04225871E-08 -0.00000000E+00  8.02092767E-08  7.12754508E-08  2.91325124E-08
 -1.06272142E-08 -2.59395370E-09 -4.03648469E-08  1.14274909E-08 -2.57552226E-08  5.29958022E-08 -8.02092767E-08 -0.00000000E+00 -2.20884509E-07  5.62700928E-08
 -7.29532537E-09 -2.15322551E-08 -2.14509400E-08  2.72676846E-09  1.79543880E-08  8.04478012E-08 -7.12754508E-08  2.20884509E-07 -0.00000000E+00  4.58313942E-07
 -3.19026489E-09 -1.57236420E-08  1.63714528E-09 -7.86588676E-09 -2.35488712E-08  1.19262239E-08 -2.91325124E-08 -5.62700928E-08 -4.58313942E-07 -0.00000000E+00
   1.6267015246096833E-003
 -0.00000000E+00 -2.62228526E-07 -3.83150271E-08 -1.47417614E-08 -2.49339395E-08  1.95820465E-08  9.84997674E-09  1.44070140E-08  7.90044571E-09 -2.40421832E-09
  2.62228526E-07 -0.00000000E+00  1.82298431E-07  4.22838847E-08  5.43103973E-08 -6.76542156E-09  2.48282297E-08 -3.93782229E-08 -3.84187040E-08 -7.00665654E-09
  3.83150271E-08 -1.82298431E-07 -0.00000000E+00  1.47928544E-07 -2.54597775E-08 -5.32370372E-08  3.87331226E-09 -1.95481652E-08  1.10805462E-08 -9.78492461E-09
  1.47417614E-08 -4.22838847E-08 -1.47928544E-07 -0.00000000E+00  1.26309553E-08  2.18466738E-09 -5.31801166E-09  1.02619736E-08  2.59232739E-08  2.17274115E-08
  2.49339395E-08 -5.43103973E-08  2.54597775E-08 -1.26309553E-08 -0.00000000E+00 -2.72031746E-07  2.66442684E-08 -2.45571792E-08 -2.43294968E-08  2.69966341E-09
 -1.95820465E-08  6.76542156E-09  5.32370372E-08 -2.18466738E-09  2.72031746E-07 -0.00000000E+00 -1.88163287E-07 -6.21247845E-08 -1.04614668E-07 -4.53630189E-08
 -9.84997674E-09 -2.48282297E-08 -3.87331226E-09  5.31801166E-09 -2.66442684E-08  1.88163287E-07 -0.00000000E+00 -1.51603990E-07  5.36463235E-08  4.50594423E-08
 -1.44070140E-08  3.93782229E-08  1.95481652E-08 -1.02619736E-08  2.45571792E-08  6.21247845E-08  1.51603990E-07 -0.00000000E+00  5.73217689E-08 -2.56955915E-09
 -7.90044571E-09  3.84187040E-08 -1.10805462E-08 -2.59232739E-08  2.43294968E-08  1.04614668E-07 -5.36463235E-08 -5.73217689E-08 -0.00000000E+00  2.46981255E-07
  2.40421832E-09  7.00665654E-09  9.78492461E-09 -2.17274115E-08 -2.69966341E-09  4.53630189E-08 -4.50594423E-08  2.56955915E-09 -2.46981255E-07 -0.00000000E+00
   1.8401517170071025E-003
 -0.00000000E+00 -1.47874334E-07 -3.32646779E-08 -2.66659524E-08 -3.09065382E-08 -6.62583053E-09 -6.38662842E-09 -1.64195643E-08 -1.61275073E-09 -2.68096092E-08
  1.47874334E-07 -0.00000000E+00  6.87106351E-08  3.37959370E-08 -8.51505281E-09  6.40356908E-09 -2.35813973E-08 -9.58434720E-09  2.53730413E-08  1.31188463E-09
  3.32646779E-08 -6.87106351E-08 -0.00000000E+00  4.30807733E-08 -3.78820239E-08 -4.61056974E-08 -1.55854062E-09 -2.15756232E-09  1.61979805E-08  3.32850067E-08
  2.66659524E-08 -3.37959370E-08 -4.30807733E-08 -0.00000000E+00  1.09474604E-07  2.44758640E-08 -3.71610295E-08  3.04389760E-08  1.44144679E-08  4.27826177E-08
  3.09065382E-08  8.51505281E-09  3.78820239E-08 -1.09474604E-07 -0.00000000E+00 -1.36175793E-08 -3.40656323E-08  2.11853105E-08  5.46546315E-08  4.14382070E-08
  6.62583053E-09 -6.40356908E-09  4.61056974E-08 -2.44758640E-08  1.36175793E-08 -0.00000000E+00  1.71499100E-07 -9.73071450E-08  3.72857127E-08  2.49583340E-08
  6.38662842E-09  2.35813973E-08  1.55854062E-09  3.71610295E-08  3.40656323E-08 -1.71499100E-07 -0.00000000E+00 -3.41285160E-07 -3.33175328E-08  1.95286495E-07
  1.64195643E-08  9.58434720E-09  2.15756232E-09 -3.04389760E-08 -2.11853105E-08  9.73071450E-08  3.41285160E-07 -0.00000000E+00  3.29705881E-08  6.36209835E-08
  1.61275073E-09 -2.53730413E-08 -1.61979805E-08 -1.44144679E-08 -5.46546315E-08 -3.72857127E-08  3.33175328E-08 -3.29705881E-08 -0.00000000E+00 -5.29090660E-08
  2.68096092E-08 -1.31188463E-09 -3.32850067E-08 -4.27826177E-08 -4.14382070E-08 -2.49583340E-08 -1.95286495E-07 -6.36209835E-08  5.29090660E-08 -0.00000000E+00
   2.0816101112443937E-003
 -0.00000000E+00  1.02782027E-07  1.82284878E-08  4.85942802E-08  1.11083289E-08 -3.64732387E-08  2.30616578E-08  2.24633138E-09  1.47641231E-08 -1.61912042E-08
 -1.02782027E-07 -0.00000000E+00 -1.22123177E-07 -1.88447890E-08 -2.00021748E-08 -2.47021912E-08  3.53992009E-09  1.81793599E-08  4.83554169E-09  7.23162849E-09
 -1.82284878E-08  1.22123177E-07 -0.00000000E+00 -3.91749350E-08 -3.71501874E-08  6.09863722E-09  8.58146020E-09 -6.08237419E-09  4.23380948E-09  6.20705744E-09
 -4.85942802E-08  1.88447890E-08  3.91749350E-08 -0.00000000E+00 -8.55083148E-08 -2.58040117E-08 -8.25077853E-09  2.59883261E-08 -3.61039323E-09  1.10697042E-08
 -1.11083289E-08  2.00021748E-08  3.71501874E-08  8.55083148E-08 -0.00000000E+00  3.68466108E-08  2.63840599E-08 -6.16368935E-09 -6.47268697E-09  5.39932682E-09
  3.64732387E-08  2.47021912E-08 -6.09863722E-09  2.58040117E-08 -3.68466108E-08 -0.00000000E+00 -2.89232614E-07 -8.87202638E-08 -7.78999261E-08  2.19659360E-08
 -2.30616578E-08 -3.53992009E-09 -8.58146020E-09  8.25077853E-09 -2.63840599E-08  2.89232614E-07 -0.00000000E+00  4.25191566E-07  8.03176969E-08 -6.65700134E-08
 -2.24633138E-09 -1.81793599E-08  6.08237419E-09 -2.59883261E-08  6.16368935E-09  8.87202638E-08 -4.25191566E-07 -0.00000000E+00 -4.72928988E-08 -7.13188189E-08
 -1.47641231E-08 -4.83554169E-09 -4.23380948E-09  3.61039323E-09  6.47268697E-09  7.78999261E-08 -8.03176969E-08  4.72928988E-08 -0.00000000E+00 -3.98747875E-07
  1.61912042E-08 -7.23162849E-09 -6.20705744E-09 -1.10697042E-08 -5.39932682E-09 -2.19659360E-08  6.65700134E-08  7.13188189E-08  3.98747875E-07 -0.00000000E+00
   2.3547518474631118E-003
 -0.00000000E+00 -6.27037315E-07 -2.56174273E-07 -1.16566980E-07 -7.35190717E-08  4.59017319E-08 -6.02579239E-08  1.62155987E-08  2.57267623E-08  2.78531538E-08
  6.27037315E-07 -0.00000000E+00  1.79869818E-07  1.70391858E-07  6.32035656E-08 -3.59440125E-08  2.98968749E-08 -5.56927551E-08 -2.95092726E-08  3.61852475E-09
  2.56174273E-07 -1.79869818E-07 -0.00000000E+00  9.90987891E-08  1.02944996E-07 -2.97613496E-08  3.89201475E-08 -9.63855731E-09 -1.76020223E-08  5.98479599E-09
  1.16566980E-07 -1.70391858E-07 -9.90987891E-08 -0.00000000E+00  1.71556020E-07 -1.46437766E-07  1.89572750E-08 -4.63116958E-08 -1.96565854E-08 -2.45029691E-09
  7.35190717E-08 -6.32035656E-08 -1.02944996E-07 -1.71556020E-07 -0.00000000E+00 -1.01822847E-07  9.21463426E-08 -1.34441069E-08 -2.73869469E-08 -7.61109925E-09
 -4.59017319E-08  3.59440125E-08  2.97613496E-08  1.46437766E-07  1.01822847E-07 -0.00000000E+00 -4.33572449E-08 -3.93565389E-08  3.77410776E-08 -1.63497688E-08
  6.02579239E-08 -2.98968749E-08 -3.89201475E-08 -1.89572750E-08 -9.21463426E-08  4.33572449E-08 -0.00000000E+00 -1.13949648E-07 -6.02382727E-08  1.29670580E-08
 -1.62155987E-08  5.56927551E-08  9.63855731E-09  4.63116958E-08  1.34441069E-08  3.93565389E-08  1.13949648E-07 -0.00000000E+00  6.96166215E-08 -4.98299318E-08
 -2.57267623E-08  2.95092726E-08  1.76020223E-08  1.96565854E-08  2.73869469E-08 -3.77410776E-08  6.02382727E-08 -6.96166215E-08 -0.00000000E+00  1.67791128E-07
 -2.78531538E-08 -3.61852475E-09 -5.98479599E-09  2.45029691E-09  7.61109925E-09  1.63497688E-08 -1.29670580E-08  4.98299318E-08 -1.67791128E-07 -0.00000000E+00
   2.6637343050837752E-003
 -0.00000000E+00 -1.74534019E-07  2.64281056E-08  2.45859783E-08  2.63528891E-08 -1.15277796E-08 -1.28423747E-08  1.01420337E-08  1.52337181E-08 -2.67025443E-08
  1.74534019E-07 -0.00000000E+00 -3.85311900E-08 -4.76994746E-08 -7.25060203E-09  2.96813897E-08 -1.37829201E-08  9.96923898E-09  8.71427496E-09 -1.63118217E-08
 -2.64281056E-08  3.85311900E-08 -0.00000000E+00  7.85911050E-08  2.40503147E-08  2.56739074E-08 -9.98008100E-09 -2.51534904E-08 -2.49366500E-09 -6.88468380E-09
 -2.45859783E-08  4.76994746E-08 -7.85911050E-08 -0.00000000E+00 -5.11933161E-08 -4.66423775E-08 -5.99021700E-09  2.64545330E-08  1.66750294E-08 -2.30555592E-08
 -2.63528891E-08  7.25060203E-09 -2.40503147E-08  5.11933161E-08 -0.00000000E+00  8.42262458E-08  3.74917111E-08 -1.01264483E-08  6.80120023E-08  6.68193799E-08
  1.15277796E-08 -2.96813897E-08 -2.56739074E-08  4.66423775E-08 -8.42262458E-08 -0.00000000E+00 -8.88178420E-08  3.31115343E-08 -2.41560244E-08  1.84856470E-08
  1.28423747E-08  1.37829201E-08  9.98008100E-09  5.99021700E-09 -3.74917111E-08  8.88178420E-08 -0.00000000E+00 -2.88961563E-07  1.25051879E-07  1.01915004E-07
 -1.01420337E-08 -9.96923898E-09  2.51534904E-08 -2.64545330E-08  1.01264483E-08 -3.31115343E-08  2.88961563E-07 -0.00000000E+00 -1.46388977E-07  1.00180281E-07
 -1.52337181E-08 -8.71427496E-09  2.49366500E-09 -1.66750294E-08 -6.80120023E-08  2.41560244E-08 -1.25051879E-07  1.46388977E-07 -0.00000000E+00 -7.05815614E-08
  2.67025443E-08  1.63118217E-08  6.88468380E-09  2.30555592E-08 -6.68193799E-08 -1.84856470E-08 -1.01915004E-07 -1.00180281E-07  7.05815614E-08 -0.00000000E+00
   3.0132603805893342E-003
 -0.00000000E+00  3.94170340E-07 -1.27447965E-08  2.79402288E-08  3.08611372E-08  2.50721752E-09  3.16044933E-09  2.37033700E-09 -4.89381756E-09 -5.99292751E-09
 -3.94170340E-07 -0.00000000E+00 -1.73403907E-07 -4.34073892E-08 -2.64274280E-09  1.52154222E-08  1.17148045E-08  2.32019265E-09 -1.79435460E-09  3.54371480E-08
  1.27447965E-08  1.73403907E-07 -0.00000000E+00  1.34506122E-07 -2.84765701E-08 -2.15729127E-08  1.74177079E-08  2.48282297E-09  3.55618313E-09  1.58835618E-09
 -2.79402288E-08  4.34073892E-08 -1.34506122E-07 -0.00000000E+00 -1.35026539E-07  1.25008510E-08  4.63496429E-09 -3.50739403E-09 -6.95082013E-08  4.23380948E-09
 -3.08611372E-08  2.64274280E-09  2.84765701E-08  1.35026539E-07 -0.00000000E+00  9.22384998E-08  3.99149030E-08 -1.69948691E-08  4.62954328E-09 -8.92298388E-09
 -2.50721752E-09 -1.52154222E-08  2.15729127E-08 -1.25008510E-08 -9.22384998E-08 -0.00000000E+00  2.18997997E-07 -4.74121610E-08  1.01698164E-08  2.37223435E-08
 -3.16044933E-09 -1.17148045E-08 -1.74177079E-08 -4.63496429E-09 -3.99149030E-08 -2.18997997E-07 -0.00000000E+00  6.99310401E-08 -5.96528035E-08 -1.25116931E-08
 -2.37033700E-09 -2.32019265E-09 -2.48282297E-09  3.50739403E-09  1.69948691E-08  4.74121610E-08 -6.99310401E-08 -0.00000000E+00  1.22037797E-07  1.05828974E-07
  4.89381756E-09  1.79435460E-09 -3.55618313E-09  6.95082013E-08 -4.62954328E-09 -1.01698164E-08  5.96528035E-08 -1.22037797E-07 -0.00000000E+00 -8.68445940E-08
  5.99292751E-09 -3.54371480E-08 -1.58835618E-09 -4.23380948E-09  8.92298388E-09 -2.37223435E-08  1.25116931E-08 -1.05828974E-07  8.68445940E-08 -0.00000000E+00
   3.4086500684023099E-003
 -0.00000000E+00 -2.51048368E-07 -2.81191222E-08 -3.83241751E-08 -4.28063346E-08  3.09946296E-08 -5.41423460E-09 -1.16470418E-08 -2.43389835E-08 -1.07336015E-09
  2.51048368E-07 -0.00000000E+00  5.40026872E-07  4.30035239E-08  4.10384075E-08 -4.30224975E-08  3.97495621E-08 -2.06947090E-08 -1.91795364E-08 -1.43927838E-08
  2.81191222E-08 -5.40026872E-07 -0.00000000E+00  3.62286156E-08  1.88786703E-08 -1.14654380E-07  5.41287935E-09 -2.79453110E-08 -2.41018143E-08 -2.62376926E-08
  3.83241751E-08 -4.30035239E-08 -3.62286156E-08 -0.00000000E+00  1.07170674E-07  2.68556878E-08  2.52456476E-08  1.29020059E-09  1.66858714E-08  1.79001779E-08
  4.28063346E-08 -4.10384075E-08 -1.88786703E-08 -1.07170674E-07 -0.00000000E+00 -2.08069239E-07 -2.58365378E-08  2.23779328E-08  1.89410120E-08  3.80554963E-09
 -3.09946296E-08  4.30224975E-08  1.14654380E-07 -2.68556878E-08  2.08069239E-07 -0.00000000E+00  3.06514796E-07 -5.14670771E-08  1.93963769E-08  5.39932682E-08
  5.41423460E-09 -3.97495621E-08 -5.41287935E-09 -2.52456476E-08  2.58365378E-08 -3.06514796E-07 -0.00000000E+00 -4.01154804E-09 -1.85246783E-07 -7.19476562E-08
  1.16470418E-08  2.06947090E-08  2.79453110E-08 -1.29020059E-09 -2.23779328E-08  5.14670771E-08  4.01154804E-09 -0.00000000E+00 -2.48336508E-07 -1.94072189E-07
  2.43389835E-08  1.91795364E-08  2.41018143E-08 -1.66858714E-08 -1.89410120E-08 -1.93963769E-08  1.85246783E-07  2.48336508E-07 -0.00000000E+00  7.50267903E-08
  1.07336015E-09  1.43927838E-08  2.62376926E-08 -1.79001779E-08 -3.80554963E-09 -5.39932682E-08  7.19476562E-08  1.94072189E-07 -7.50267903E-08 -0.00000000E+00
   3.8559214343589668E-003
 -0.00000000E+00  1.71125050E-07 -6.94567017E-09 -1.38320480E-08  1.04896560E-08 -4.44522891E-10 -2.53262851E-08  1.28471181E-08 -7.91467586E-10  1.38574590E-08
 -1.71125050E-07 -0.00000000E+00 -1.65563093E-07 -1.70287504E-08 -2.68340038E-08  2.38673556E-08 -2.91867225E-08  2.80537312E-09 -2.79669950E-08  5.00901404E-09
  6.94567017E-09  1.65563093E-07 -0.00000000E+00  1.08647900E-07  1.22734396E-07  3.52365706E-11 -4.14815751E-08 -6.23416249E-10  6.14200531E-09  2.41831295E-08
  1.38320480E-08  1.70287504E-08 -1.08647900E-07 -0.00000000E+00 -1.52804744E-07 -1.83230167E-09  7.43600060E-08  4.09394740E-08  3.68574529E-08  1.44740990E-09
