   2.0000000000000004E-004
 -2.26957641E-23 -3.04715269E-24 -8.90569957E-24 -2.68654916E-25  6.57366877E-24  1.07414742E-24 -2.37972953E-25 -1.55945992E-24 -5.04855575E-24  2.79531267E-24
 -3.04715269E-24 -9.64852257E-24 -1.33738720E-24 -7.56634091E-24  4.22695875E-24 -7.87102156E-25 -8.90700100E-24  8.61852495E-25 -6.15631216E-24  7.51117735E-24
 -8.90569957E-24 -1.33738720E-24 -1.40743351E-23  4.69666702E-24  3.22607160E-24  4.10714430E-24 -8.15109169E-24 -8.17635363E-24 -6.45990123E-24  3.71188255E-24
 -2.68654916E-25 -7.56634091E-24  4.69666702E-24 -2.24902594E-23  1.05136734E-24 -1.20846818E-23 -6.44388636E-24  1.27524917E-24  6.27307828E-24  1.16182818E-23
  6.57366877E-24  4.22695875E-24  3.22607160E-24  1.05136734E-24 -4.36313790E-23 -4.98976588E-25 -1.25325698E-24  6.44476664E-24  7.87434755E-24 -5.91778808E-24
  1.07414742E-24 -7.87102156E-25  4.10714430E-24 -1.20846818E-23 -4.98976588E-25 -2.13747837E-23  8.12141207E-24  1.75653097E-23  1.67217084E-23 -2.89512608E-24
 -2.37972953E-25 -8.90700100E-24 -8.15109169E-24 -6.44388636E-24 -1.25325698E-24  8.12141207E-24 -8.04452265E-23  7.68171285E-24 -4.53858738E-23  1.64479981E-23
 -1.55945992E-24  8.61852495E-25 -8.17635363E-24  1.27524917E-24  6.44476664E-24  1.75653097E-23  7.68171285E-24 -1.13233421E-22 -2.84209780E-23 -1.92617140E-24
 -5.04855575E-24 -6.15631216E-24 -6.45990123E-24  6.27307828E-24  7.87434755E-24  1.67217084E-23 -4.53858738E-23 -2.84209780E-23 -1.07203094E-22  8.85574001E-24
  2.79531267E-24  7.51117735E-24  3.71188255E-24  1.16182818E-23 -5.91778808E-24 -2.89512608E-24  1.64479981E-23 -1.92617140E-24  8.85574001E-24 -4.95458489E-23
   2.2624331374480460E-004
 -5.93920399E-23  1.60042067E-23 -2.36845109E-24 -1.02963018E-23  3.21178015E-24  1.26371319E-24 -4.95790062E-24  5.99916340E-24 -4.19615971E-24 -1.05557947E-25
  1.60042067E-23 -1.00532469E-22 -2.78316215E-23  5.89118050E-24  1.15540581E-23 -3.83247583E-24  1.39655481E-24  8.34554248E-24  8.27795820E-24 -2.52908548E-24
 -2.36845109E-24 -2.78316215E-23 -4.76472140E-23 -1.81773799E-24  1.78511158E-23 -2.56944864E-24 -5.63137287E-24 -3.85373951E-24  1.84424784E-24 -6.16505545E-25
 -1.02963018E-23  5.89118050E-24 -1.81773799E-24 -2.94301868E-23  6.35839150E-24 -2.48507670E-24  1.15486210E-23  1.60552968E-24 -7.75784096E-24 -1.07105472E-23
  3.21178015E-24  1.15540581E-23  1.78511158E-23  6.35839150E-24 -2.67877353E-23  1.14375473E-23  5.55166478E-24  9.41958119E-24 -6.66446734E-24 -1.90865435E-24
  1.26371319E-24 -3.83247583E-24 -2.56944864E-24 -2.48507670E-24  1.14375473E-23 -1.50335924E-23 -4.63652452E-24 -3.46980914E-24 -5.57031550E-24  7.57764058E-24
 -4.95790062E-24  1.39655481E-24 -5.63137287E-24  1.15486210E-23  5.55166478E-24 -4.63652452E-24 -5.57367984E-23 -5.15563765E-23 -1.35191466E-23  1.09845354E-23
  5.99916340E-24  8.34554248E-24 -3.85373951E-24  1.60552968E-24  9.41958119E-24 -3.46980914E-24 -5.15563765E-23 -1.01430609E-22 -1.98769284E-23  6.48904044E-24
 -4.19615971E-24  8.27795820E-24  1.84424784E-24 -7.75784096E-24 -6.66446734E-24 -5.57031550E-24 -1.35191466E-23 -1.98769284E-23 -7.05409966E-23 -2.90179133E-23
 -1.05557947E-25 -2.52908548E-24 -6.16505545E-25 -1.07105472E-23 -1.90865435E-24  7.57764058E-24  1.09845354E-23  6.48904044E-24 -2.90179133E-23 -8.01942768E-23
   2.5593018507115016E-004
 -1.19664319E-23 -7.26614177E-24 -4.24613821E-25  6.20092985E-24  2.10359524E-24  1.17401586E-24  1.31210894E-24 -1.71056887E-24  9.45457394E-25  6.12778462E-25
 -7.26614177E-24 -2.04753706E-23  6.67399988E-24  4.98640423E-24  2.40008343E-24 -3.97071752E-24 -8.43445059E-24 -1.76667819E-24  3.45870194E-24 -2.45481331E-24
 -4.24613821E-25  6.67399988E-24 -3.21719971E-23 -8.97825730E-24 -6.80802608E-24  9.12625818E-24  2.47231438E-24  1.94100033E-24 -1.58879918E-24  1.28146150E-24
  6.20092985E-24  4.98640423E-24 -8.97825730E-24 -1.49627368E-23 -6.99520587E-24 -2.32752774E-24 -1.56624769E-24  1.36353422E-24 -9.96203179E-24  1.62323319E-23
  2.10359524E-24  2.40008343E-24 -6.80802608E-24 -6.99520587E-24 -1.83992778E-23  7.10785001E-24  2.40210439E-24  1.57442039E-23 -2.33534075E-24  1.05105637E-23
  1.17401586E-24 -3.97071752E-24  9.12625818E-24 -2.32752774E-24  7.10785001E-24 -3.00114056E-23 -3.42623785E-23 -2.17189746E-23 -3.57455482E-24  5.62777675E-25
  1.31210894E-24 -8.43445059E-24  2.47231438E-24 -1.56624769E-24  2.40210439E-24 -3.42623785E-23 -1.18359873E-22 -4.03775583E-23 -3.21646080E-23 -9.52748423E-24
 -1.71056887E-24 -1.76667819E-24  1.94100033E-24  1.36353422E-24  1.57442039E-23 -2.17189746E-23 -4.03775583E-23 -5.89564423E-23 -1.60406618E-23 -1.32672923E-23
  9.45457394E-25  3.45870194E-24 -1.58879918E-24 -9.96203179E-24 -2.33534075E-24 -3.57455482E-24 -3.21646080E-23 -1.60406618E-23 -1.11858759E-22  9.62994549E-25
  6.12778462E-25 -2.45481331E-24  1.28146150E-24  1.62323319E-23  1.05105637E-23  5.62777675E-25 -9.52748423E-24 -1.32672923E-23  9.62994549E-25 -2.27985624E-22
   2.8951246578909058E-004
 -1.76205690E-22 -2.52851448E-23 -1.26381869E-22 -3.86865044E-23 -6.55731601E-23  1.73865570E-23 -8.14458153E-24  1.18431019E-23  1.15834703E-23 -3.03855906E-24
 -2.52851448E-23 -1.83395275E-22 -4.08922256E-23 -2.33790112E-23  8.16515826E-24 -2.61990012E-24 -1.52068476E-23  1.12972919E-23  9.10656123E-24 -8.74870595E-24
 -1.26381869E-22 -4.08922256E-23 -1.16298286E-22 -3.13568817E-23 -3.81732845E-24  1.97052926E-23 -1.19817332E-23  4.73293699E-24  6.04822813E-24 -6.24190317E-25
 -3.86865044E-23 -2.33790112E-23 -3.13568817E-23 -1.27381940E-22 -4.21818311E-23  8.08172283E-24 -2.14993544E-24  4.21072681E-24  5.76426967E-24  3.58612460E-24
 -6.55731601E-23  8.16515826E-24 -3.81732845E-24 -4.21818311E-23 -1.50973971E-22 -1.17835969E-23 -4.01014801E-24 -7.99933513E-24  1.81932185E-23 -9.02628174E-24
  1.73865570E-23 -2.61990012E-24  1.97052926E-23  8.08172283E-24 -1.17835969E-23 -2.87571315E-23 -3.76553480E-23  3.32923741E-24  9.74469643E-24 -2.34076896E-24
 -8.14458153E-24 -1.52068476E-23 -1.19817332E-23 -2.14993544E-24 -4.01014801E-24 -3.76553480E-23 -1.37180295E-22  1.23039507E-23  2.16857544E-23 -9.53676051E-24
  1.18431019E-23  1.12972919E-23  4.73293699E-24  4.21072681E-24 -7.99933513E-24  3.32923741E-24  1.23039507E-23 -1.06494324E-22  1.59528639E-23 -7.97316088E-24
  1.15834703E-23  9.10656123E-24  6.04822813E-24  5.76426967E-24  1.81932185E-23  9.74469643E-24  2.16857544E-23  1.59528639E-23 -6.14090826E-23  2.75920886E-24
 -3.03855906E-24 -8.74870595E-24 -6.24190317E-25  3.58612460E-24 -9.02628174E-24 -2.34076896E-24 -9.53676051E-24 -7.97316088E-24  2.75920886E-24 -1.35859250E-23
   3.2750129815276610E-004
 -4.60269333E-23 -6.60669711E-24  1.29987583E-23  1.51243543E-23  8.48652922E-24 -9.38590458E-24 -3.46543941E-24  1.69843055E-23 -5.17474234E-25 -7.60941392E-24
 -6.60669711E-24 -1.55697591E-22  8.44313794E-23 -1.99918117E-23  5.99880602E-23 -3.08784396E-23  8.67922828E-24  3.95774120E-23 -1.61030545E-23 -2.51344854E-24
  1.29987583E-23  8.44313794E-23 -1.68605251E-22  1.13351457E-22 -4.64144693E-23  3.26532501E-24 -4.35726179E-24 -2.38092549E-23  1.34545824E-23 -8.02806835E-24
  1.51243543E-23 -1.99918117E-23  1.13351457E-22 -2.21378939E-22 -3.97053968E-23 -8.38999178E-25 -1.40247323E-23 -6.99367193E-24 -1.07797957E-23  2.40239380E-23
  8.48652922E-24  5.99880602E-23 -4.64144693E-23 -3.97053968E-23 -1.50818065E-22  1.09765217E-23  2.19031098E-23  1.86036230E-23  4.39611036E-24  6.62629534E-24
 -9.38590458E-24 -3.08784396E-23  3.26532501E-24 -8.38999178E-25  1.09765217E-23 -1.07747710E-22 -8.63418247E-25  9.13501853E-24  3.71057816E-24 -9.01946972E-24
 -3.46543941E-24  8.67922828E-24 -4.35726179E-24 -1.40247323E-23  2.19031098E-23 -8.63418247E-25 -5.04795932E-23 -4.42592363E-23  6.02460431E-24  7.19357713E-25
  1.69843055E-23  3.95774120E-23 -2.38092549E-23 -6.99367193E-24  1.86036230E-23  9.13501853E-24 -4.42592363E-23 -6.82047768E-23  8.22172306E-24 -2.29202681E-24
 -5.17474234E-25 -1.61030545E-23  1.34545824E-23 -1.07797957E-23  4.39611036E-24  3.71057816E-24  6.02460431E-24  8.22172306E-24 -2.83043594E-23 -9.49261247E-24
 -7.60941392E-24 -2.51344854E-24 -8.02806835E-24  2.40239380E-23  6.62629534E-24 -9.01946972E-24  7.19357713E-25 -2.29202681E-24 -9.49261247E-24 -1.05649310E-22
   3.7047489474903482E-004
 -2.40961662E-22  3.41149857E-24 -9.14634154E-23  3.12372521E-23  2.07338407E-23  2.14932174E-23 -2.07835722E-24  2.19392228E-24 -8.24324150E-24 -1.67404794E-23
  3.41149857E-24 -2.89857783E-22 -7.47414388E-25  3.29398736E-23 -2.55081105E-23  1.59070759E-23 -2.02175877E-23  8.72228624E-25  9.26273443E-25  2.78030759E-25
 -9.14634154E-23 -7.47414388E-25 -9.41808878E-23  1.50375832E-23  3.18938856E-23  1.97071242E-23 -1.28268939E-23 -4.90426327E-24  3.35248698E-25 -2.28940664E-24
  3.12372521E-23  3.29398736E-23  1.50375832E-23 -6.56095023E-23  1.74418664E-23 -1.78831922E-23  8.30383926E-24  3.63038221E-25 -5.71450991E-24  1.30531389E-23
  2.07338407E-23 -2.55081105E-23  3.18938856E-23  1.74418664E-23 -3.07782255E-23 -9.95926547E-24  3.13638774E-23 -1.38431096E-23  6.99784148E-24 -1.16864650E-24
  2.14932174E-23  1.59070759E-23  1.97071242E-23 -1.78831922E-23 -9.95926547E-24 -7.80845740E-23 -1.52768212E-23 -2.60625010E-23  8.18067577E-24  2.17258997E-24
 -2.07835722E-24 -2.02175877E-23 -1.28268939E-23  8.30383926E-24  3.13638774E-23 -1.52768212E-23 -3.27314835E-22  2.78059609E-23  6.61097922E-23 -7.46932509E-23
  2.19392228E-24  8.72228624E-25 -4.90426327E-24  3.63038221E-25 -1.38431096E-23 -2.60625010E-23  2.78059609E-23 -2.32456332E-22 -1.18661552E-24 -2.99939017E-23
 -8.24324150E-24  9.26273443E-25  3.35248698E-25 -5.71450991E-24  6.99784148E-24  8.18067577E-24  6.61097922E-23 -1.18661552E-24 -6.48683067E-23  4.79553772E-23
 -1.67404794E-23  2.78030759E-25 -2.28940664E-24  1.30531389E-23 -1.16864650E-24  2.17258997E-24 -7.46932509E-23 -2.99939017E-23  4.79553772E-23 -1.02968040E-22
   4.1908733923639669E-004
 -3.61612753E-23 -4.26415489E-24 -3.50009144E-23 -7.68554698E-24 -1.94522474E-24  3.91020796E-24  5.06031248E-24  2.74112162E-24 -2.42308450E-24 -2.26388012E-24
 -4.26415489E-24 -5.06335006E-23 -6.02743859E-24 -2.38686530E-23  5.91133630E-24 -4.68387894E-24  1.56987150E-23 -7.35817838E-24  4.36989112E-24  6.33703509E-24
 -3.50009144E-23 -6.02743859E-24 -4.64328493E-23 -8.52273187E-24 -1.31914583E-24  2.13333655E-24  7.78892051E-24  1.35581812E-23 -5.29259385E-25 -7.37637436E-24
 -7.68554698E-24 -2.38686530E-23 -8.52273187E-24 -2.26587379E-23  1.13831557E-23 -5.81510614E-24  8.44672213E-24 -2.57600001E-24  6.44295602E-24 -1.33047555E-24
 -1.94522474E-24  5.91133630E-24 -1.31914583E-24  1.13831557E-23 -2.14995259E-23  1.28839569E-23 -7.29069601E-24  5.98427600E-24 -8.60156082E-24 -8.59241356E-24
  3.91020796E-24 -4.68387894E-24  2.13333655E-24 -5.81510614E-24  1.28839569E-23 -3.59450333E-23  3.06852820E-24  5.82062141E-24  5.53768964E-23 -2.82906200E-24
  5.06031248E-24  1.56987150E-23  7.78892051E-24  8.44672213E-24 -7.29069601E-24  3.06852820E-24 -3.92691006E-23 -1.56043874E-24  6.89395083E-24 -9.49038065E-24
  2.74112162E-24 -7.35817838E-24  1.35581812E-23 -2.57600001E-24  5.98427600E-24  5.82062141E-24 -1.56043874E-24 -2.08543846E-22  2.59340564E-24  7.26883234E-23
 -2.42308450E-24  4.36989112E-24 -5.29259385E-25  6.44295602E-24 -8.60156082E-24  5.53768964E-23  6.89395083E-24  2.59340564E-24 -2.30583246E-22  6.19818931E-23
 -2.26388012E-24  6.33703509E-24 -7.37637436E-24 -1.33047555E-24 -8.59241356E-24 -2.82906200E-24 -9.49038065E-24  7.26883234E-23  6.19818931E-23 -7.53444643E-23
   4.7407854188667720E-004
 -3.08853572E-23 -8.12861673E-24  1.46295649E-23 -8.48537046E-24 -4.37067637E-24  7.12615421E-25 -6.66134633E-24 -8.90813738E-24  2.25825946E-24  4.13416166E-24
 -8.12861673E-24 -2.86235405E-23 -2.13461001E-24  6.16677555E-24 -4.99581402E-24  6.49722601E-25  7.44374124E-24  3.73358112E-24  1.29493514E-25 -1.28466068E-23
  1.46295649E-23 -2.13461001E-24 -1.00481271E-22 -1.35382502E-23  4.28447754E-23 -5.66145627E-23 -1.09955394E-23 -1.04558010E-23  7.94895424E-24 -6.22504033E-24
 -8.48537046E-24  6.16677555E-24 -1.35382502E-23 -1.20796235E-22 -5.39179299E-23 -2.07998334E-23  5.40864934E-24 -7.60129939E-24 -5.66820795E-24 -1.30716553E-23
 -4.37067637E-24 -4.99581402E-24  4.28447754E-23 -5.39179299E-23 -7.98959071E-23  2.31113746E-23  1.61370362E-23 -1.05269463E-24 -1.16672803E-23 -7.94527612E-24
  7.12615421E-25  6.49722601E-25 -5.66145627E-23 -2.07998334E-23  2.31113746E-23 -4.80933107E-23 -1.29308437E-23 -1.54714241E-23  5.66885341E-24  4.01232532E-25
 -6.66134633E-24  7.44374124E-24 -1.09955394E-23  5.40864934E-24  1.61370362E-23 -1.29308437E-23 -9.93250435E-23 -2.03052497E-23 -2.50303770E-23 -5.03788369E-23
 -8.90813738E-24  3.73358112E-24 -1.04558010E-23 -7.60129939E-24 -1.05269463E-24 -1.54714241E-23 -2.03052497E-23 -6.15702102E-23 -1.93684836E-23  5.73452761E-23
  2.25825946E-24  1.29493514E-25  7.94895424E-24 -5.66820795E-24 -1.16672803E-23  5.66885341E-24 -2.50303770E-23 -1.93684836E-23 -1.48839121E-22 -7.14657878E-23
  4.13416166E-24 -1.28466068E-23 -6.22504033E-24 -1.30716553E-23 -7.94527612E-24  4.01232532E-25 -5.03788369E-23  5.73452761E-23 -7.14657878E-23 -6.99678857E-22
   5.3628550145873441E-004
 -1.91319612E-22  7.04753469E-23 -1.57840818E-23 -2.81309831E-23 -8.00184172E-24  2.32761072E-23 -1.14305971E-23 -4.70616408E-24  7.89653424E-25 -1.09995301E-23
  7.04753469E-23 -2.04987998E-22 -6.49662558E-23 -3.68044199E-24 -2.08336070E-25 -9.37853001E-24 -2.08279853E-24 -1.53702140E-24  2.95642968E-24 -6.14647423E-24
 -1.57840818E-23 -6.49662558E-23 -1.40103922E-22  6.86755901E-23  5.09197324E-23  9.87791458E-24 -1.19899557E-24  1.74384901E-23  1.56364382E-23  1.00637329E-23
 -2.81309831E-23 -3.68044199E-24  6.86755901E-23 -1.17300083E-22 -2.58651777E-23 -1.70006648E-23  8.64172778E-24 -3.56172916E-23  5.09265136E-24 -1.04879215E-23
 -8.00184172E-24 -2.08336070E-25  5.09197324E-23 -2.58651777E-23 -1.34671333E-22  1.84188158E-23 -1.73838366E-23  5.93206192E-24 -1.86511677E-23 -3.03101035E-23
  2.32761072E-23 -9.37853001E-24  9.87791458E-24 -1.70006648E-23  1.84188158E-23 -3.72206945E-23  5.05305082E-23 -8.60389832E-24  1.78359499E-24 -9.88742222E-24
 -1.14305971E-23 -2.08279853E-24 -1.19899557E-24  8.64172778E-24 -1.73838366E-23  5.05305082E-23 -1.00319614E-22  2.84100719E-24 -3.13135018E-24  1.32340390E-25
 -4.70616408E-24 -1.53702140E-24  1.74384901E-23 -3.56172916E-23  5.93206192E-24 -8.60389832E-24  2.84100719E-24 -6.53945758E-23  9.52194988E-24  3.80199112E-24
  7.89653424E-25  2.95642968E-24  1.56364382E-23  5.09265136E-24 -1.86511677E-23  1.78359499E-24 -3.13135018E-24  9.52194988E-24 -5.15999481E-23 -1.87826321E-23
 -1.09995301E-23 -6.14647423E-24  1.00637329E-23 -1.04879215E-23 -3.03101035E-23 -9.88742222E-24  1.32340390E-25  3.80199112E-24 -1.87826321E-23 -2.14785034E-22
   6.0665504481659141E-004
 -2.86577983E-23  2.36368306E-23 -1.35380754E-23 -1.48307096E-23 -5.69800406E-24  2.75524514E-24  2.70051981E-25 -3.72135837E-24  6.14050099E-24  8.50640032E-25
  2.36368306E-23 -5.97307320E-23  1.88871552E-24  1.85857130E-24  1.56717373E-24 -7.54308537E-24 -5.97133565E-24 -5.01547246E-24 -1.98559373E-23 -2.07437270E-25
 -1.35380754E-23  1.88871552E-24 -3.47750684E-23 -2.52212648E-24  6.74513845E-24 -1.05471715E-23 -9.95329915E-26  1.10775930E-23  9.25854172E-24  1.62042112E-23
 -1.48307096E-23  1.85857130E-24 -2.52212648E-24 -4.23012643E-23 -1.72047919E-23 -5.93767395E-24 -2.35139666E-23  1.73925370E-23 -3.51484102E-23 -2.32936436E-23
 -5.69800406E-24  1.56717373E-24  6.74513845E-24 -1.72047919E-23 -1.54805500E-23  9.56335094E-25  6.69796519E-24 -2.33993373E-24  1.17228591E-24 -2.44555993E-23
  2.75524514E-24 -7.54308537E-24 -1.05471715E-23 -5.93767395E-24  9.56335094E-25 -1.30988453E-23 -2.35166810E-24  1.02087649E-24 -7.10590582E-24  1.77559688E-24
  2.70051981E-25 -5.97133565E-24 -9.95329915E-26 -2.35139666E-23  6.69796519E-24 -2.35166810E-24 -1.30542802E-22  6.84183263E-23 -1.25887134E-22 -6.45238269E-23
 -3.72135837E-24 -5.01547246E-24  1.10775930E-23  1.73925370E-23 -2.33993373E-24  1.02087649E-24  6.84183263E-23 -4.16728203E-22 -2.56598947E-23  9.03213181E-23
  6.14050099E-24 -1.98559373E-23  9.25854172E-24 -3.51484102E-23  1.17228591E-24 -7.10590582E-24 -1.25887134E-22 -2.56598947E-23 -2.93232219E-22 -1.05635058E-22
  8.50640032E-25 -2.07437270E-25  1.62042112E-23 -2.32936436E-23 -2.44555993E-23  1.77559688E-24 -6.45238269E-23  9.03213181E-23 -1.05635058E-22 -3.36163759E-22
   6.8625823819654216E-004
 -6.56961392E-23  1.62597872E-23  4.74389560E-24 -2.03517402E-24 -1.33773848E-23  3.38460985E-24 -1.36018832E-23 -7.68258329E-25 -4.34846368E-24 -9.44990739E-25
  1.62597872E-23 -7.80735728E-23 -2.16027128E-23 -3.24959624E-24 -1.44135540E-26  1.46264124E-23  1.55544235E-23  2.01763551E-23 -1.15930217E-23  2.57746724E-23
  4.74389560E-24 -2.16027128E-23 -2.44959600E-23 -2.07488477E-23 -5.10753789E-24 -4.71722754E-24 -1.78439567E-23 -4.52291718E-24  3.20275768E-24 -5.45252825E-24
 -2.03517402E-24 -3.24959624E-24 -2.07488477E-23 -6.90747209E-23  3.29944830E-23 -6.74040543E-24 -2.21743187E-23 -1.24448674E-23 -8.11614579E-24 -1.09314208E-24
 -1.33773848E-23 -1.44135540E-26 -5.10753789E-24  3.29944830E-23 -5.56512514E-23  7.37617720E-24 -1.45877015E-24  2.59756093E-24  1.25787980E-24 -1.40696725E-23
  3.38460985E-24  1.46264124E-23 -4.71722754E-24 -6.74040543E-24  7.37617720E-24 -4.39481658E-23 -2.55861512E-23 -2.55837642E-23  1.29201193E-23 -2.35238518E-24
 -1.36018832E-23  1.55544235E-23 -1.78439567E-23 -2.21743187E-23 -1.45877015E-24 -2.55861512E-23 -1.04197090E-22 -2.15289350E-23  1.86787508E-25 -5.16250731E-23
 -7.68258329E-25  2.01763551E-23 -4.52291718E-24 -1.24448674E-23  2.59756093E-24 -2.55837642E-23 -2.15289350E-23 -3.77594598E-23  1.78069675E-23 -3.04870922E-23
 -4.34846368E-24 -1.15930217E-23  3.20275768E-24 -8.11614579E-24  1.25787980E-24  1.29201193E-23  1.86787508E-25  1.78069675E-23 -1.76372165E-22  4.94398074E-23
 -9.44990739E-25  2.57746724E-23 -5.45252825E-24 -1.09314208E-24 -1.40696725E-23 -2.35238518E-24 -5.16250731E-23 -3.04870922E-23  4.94398074E-23 -2.18518625E-22
   7.7630668947128556E-004
 -8.09254466E-23  2.87268198E-23 -4.75924195E-23  2.21224495E-25  5.29752138E-24 -3.27609159E-24 -5.64083538E-24  5.95069159E-24  3.18978480E-24  1.25312745E-24
  2.87268198E-23 -1.21759960E-22  2.96929885E-23  4.60147721E-23  2.64886451E-23  4.45698276E-24  5.53853109E-24 -6.50903013E-24  1.18068184E-23 -1.23899279E-23
 -4.75924195E-23  2.96929885E-23 -1.14989846E-22 -1.49952426E-23 -2.92606730E-23 -2.55344517E-23  4.66079541E-24  4.83352764E-26  3.99851926E-24  1.18412703E-24
  2.21224495E-25  4.60147721E-23 -1.49952426E-23 -5.04346819E-23 -1.83815249E-23  1.23967772E-23 -5.98937571E-24 -4.02772490E-24 -5.06531845E-24  1.55739942E-23
  5.29752138E-24  2.64886451E-23 -2.92606730E-23 -1.83815249E-23 -6.49784728E-23  1.59233489E-23  1.54451645E-23 -9.04126099E-24  1.30550372E-23  1.05767020E-23
 -3.27609159E-24  4.45698276E-24 -2.55344517E-23  1.23967772E-23  1.59233489E-23 -6.98062679E-23  2.50974640E-23 -2.36298320E-23 -6.20331417E-24 -4.03641272E-24
 -5.64083538E-24  5.53853109E-24  4.66079541E-24 -5.98937571E-24  1.54451645E-23  2.50974640E-23 -1.24394360E-22  6.21144391E-23  5.33568481E-24  7.69915854E-24
  5.95069159E-24 -6.50903013E-24  4.83352764E-26 -4.02772490E-24 -9.04126099E-24 -2.36298320E-23  6.21144391E-23 -8.96289883E-23 -3.74973556E-23 -9.62116683E-24
  3.18978480E-24  1.18068184E-23  3.99851926E-24 -5.06531845E-24  1.30550372E-23 -6.20331417E-24  5.33568481E-24 -3.74973556E-23 -6.77011149E-23 -1.05018195E-23
  1.25312745E-24 -1.23899279E-23  1.18412703E-24  1.55739942E-23  1.05767020E-23 -4.03641272E-24  7.69915854E-24 -9.62116683E-24 -1.05018195E-23 -4.09106516E-23
   8.7817098954121313E-004
 -6.77895307E-23 -1.28342831E-24 -4.78483869E-24 -8.74619458E-24  1.19443372E-24 -7.18263086E-24  5.17778986E-24 -3.09217315E-24  2.21392347E-25 -1.28283465E-23
 -1.28342831E-24 -7.04739598E-23 -1.12669322E-23  2.72014772E-24 -4.54384452E-26  9.52910026E-24 -4.33543686E-24 -5.66251021E-24 -7.85231185E-24 -4.24302082E-24
 -4.78483869E-24 -1.12669322E-23 -6.17421439E-24 -1.24909662E-24  2.41873206E-25  1.07881366E-23 -1.16457248E-23 -2.05187883E-26  3.00647864E-25  7.17533894E-24
 -8.74619458E-24  2.72014772E-24 -1.24909662E-24 -4.24993532E-23 -5.31599572E-24  2.92300199E-23 -2.75955065E-24 -4.86704961E-23 -1.04534383E-23  1.02610324E-23
  1.19443372E-24 -4.54384452E-26  2.41873206E-25 -5.31599572E-24 -1.35040293E-23 -1.99575519E-23  3.22030666E-23 -1.40037118E-23 -1.44221164E-24  4.73818212E-24
 -7.18263086E-24  9.52910026E-24  1.07881366E-23  2.92300199E-23 -1.99575519E-23 -1.23674089E-22  1.39003156E-22  5.91001827E-23  7.63086117E-24 -3.05671768E-23
  5.17778986E-24 -4.33543686E-24 -1.16457248E-23 -2.75955065E-24  3.22030666E-23  1.39003156E-22 -2.91695441E-22  1.35074011E-24 -8.84428375E-24  4.55450433E-23
 -3.09217315E-24 -5.66251021E-24 -2.05187883E-26 -4.86704961E-23 -1.40037118E-23  5.91001827E-23  1.35074011E-24 -1.91898267E-22  6.99399020E-24 -1.15598118E-23
  2.21392347E-25 -7.85231185E-24  3.00647864E-25 -1.04534383E-23 -1.44221164E-24  7.63086117E-24 -8.84428375E-24  6.99399020E-24 -5.29900893E-23  3.10171203E-23
 -1.28283465E-23 -4.24302082E-24  7.17533894E-24  1.02610324E-23  4.73818212E-24 -3.05671768E-23  4.55450433E-23 -1.15598118E-23  3.10171203E-23 -1.18521829E-22
   9.9340157354179076E-004
 -2.41749156E-23  1.61377365E-23 -2.90584957E-23  1.97735558E-24  3.47845437E-25  5.00188215E-24  7.72451879E-24 -1.96791476E-24 -6.90620741E-24  3.89534058E-24
  1.61377365E-23 -7.93124672E-23 -7.03408366E-24 -2.77551903E-24  5.03571388E-25 -1.07553810E-23  1.70776066E-23 -2.14592244E-25  1.85465759E-23  2.00576692E-23
 -2.90584957E-23 -7.03408366E-24 -6.44297015E-23  5.02931864E-24  5.04009547E-24  1.96751128E-23  7.88136478E-24  1.31555213E-23  6.63076771E-24 -1.18416616E-23
  1.97735558E-24 -2.77551903E-24  5.02931864E-24 -1.10268314E-23 -1.94590927E-24 -5.98414645E-24 -4.28027092E-24 -9.37258755E-24  5.70952659E-24  1.75492051E-24
  3.47845437E-25  5.03571388E-25  5.04009547E-24 -1.94590927E-24 -1.76692662E-23 -1.93595180E-23 -7.90257610E-24 -1.26265376E-23  2.62480757E-23  2.07026198E-23
  5.00188215E-24 -1.07553810E-23  1.96751128E-23 -5.98414645E-24 -1.93595180E-23 -9.12395994E-23  1.96461624E-24 -3.86328781E-23  6.07058003E-23  3.06550677E-23
  7.72451879E-24  1.70776066E-23  7.88136478E-24 -4.28027092E-24 -7.90257610E-24  1.96461624E-24 -1.01358944E-22  7.26309072E-23  1.07074755E-23 -4.68888736E-23
 -1.96791476E-24 -2.14592244E-25  1.31555213E-23 -9.37258755E-24 -1.26265376E-23 -3.86328781E-23  7.26309072E-23 -1.25108819E-22  4.97373763E-23  5.30575169E-23
 -6.90620741E-24  1.85465759E-23  6.63076771E-24  5.70952659E-24  2.62480757E-23  6.07058003E-23  1.07074755E-23  4.97373763E-23 -1.65836256E-22 -4.92069810E-24
  3.89534058E-24  2.00576692E-23 -1.18416616E-23  1.75492051E-24  2.07026198E-23  3.06550677E-23 -4.68888736E-23  5.30575169E-23 -4.92069810E-24 -1.86836410E-22
   1.1237523193869884E-003
 -8.71007840E-24 -6.89517340E-24  2.64823543E-24  3.36316975E-24  4.21680886E-24 -1.43456211E-24 -2.29344760E-25 -1.09459496E-24 -4.41802406E-24  3.43908663E-24
 -6.89517340E-24 -1.05511621E-23  5.20139821E-24  2.85653135E-24  7.14178930E-24  3.62336550E-24  3.19372254E-24  6.29534650E-24  2.95546842E-24 -2.32396014E-24
  2.64823543E-24  5.20139821E-24 -2.92071587E-23 -4.15307377E-25 -6.92696907E-24  3.10191916E-25 -6.01458108E-24 -2.96410193E-24 -5.46326475E-24 -4.25422750E-24
  3.36316975E-24  2.85653135E-24 -4.15307377E-25 -3.37291201E-23 -1.14390302E-23  2.58842957E-23  1.07294948E-23 -1.05265220E-23  1.01991875E-23 -1.53250938E-23
  4.21680886E-24  7.14178930E-24 -6.92696907E-24 -1.14390302E-23 -3.84201540E-23  2.95345057E-23 -1.00246995E-23 -2.68274164E-24 -1.39893423E-23 -1.04755217E-23
 -1.43456211E-24  3.62336550E-24  3.10191916E-25  2.58842957E-23  2.95345057E-23 -1.11135200E-22 -2.01086306E-25 -5.15296857E-23  3.23486766E-24  3.25677781E-23
 -2.29344760E-25  3.19372254E-24 -6.01458108E-24  1.07294948E-23 -1.00246995E-23 -2.01086306E-25 -7.82055774E-23  3.00161455E-23 -1.73209551E-24  7.97691016E-24
 -1.09459496E-24  6.29534650E-24 -2.96410193E-24 -1.05265220E-23 -2.68274164E-24 -5.15296857E-23  3.00161455E-23 -8.12520116E-23 -1.26335586E-23 -2.42541839E-24
 -4.41802406E-24  2.95546842E-24 -5.46326475E-24  1.01991875E-23 -1.39893423E-23  3.23486766E-24 -1.73209551E-24 -1.26335586E-23 -6.85796638E-23  3.21748958E-23
  3.43908663E-24 -2.32396014E-24 -4.25422750E-24 -1.53250938E-23 -1.04755217E-23  3.25677781E-23  7.97691016E-24 -2.42541839E-24  3.21748958E-23 -1.39982970E-22
   1.2712072428326113E-003
 -3.01446989E-23 -2.59082959E-24 -1.45452958E-23  8.88351798E-24  4.45544846E-24 -6.61456558E-24  9.42183131E-24  2.50947422E-24  4.25053459E-24  8.33556511E-24
 -2.59082959E-24 -3.82421338E-23  4.93019699E-24  1.32575455E-23 -8.33943914E-24  1.50250256E-23 -4.38795840E-24 -7.06419181E-24 -5.26394582E-24  5.29577914E-24
 -1.45452958E-23  4.93019699E-24 -1.14834025E-23  1.19294618E-24 -2.11048211E-24 -2.23149076E-24  2.40332098E-24  2.30849526E-24  2.63053224E-24 -4.23630402E-24
  8.88351798E-24  1.32575455E-23  1.19294618E-24 -3.90409532E-23 -4.17977671E-23 -2.31341478E-23 -3.29446153E-23  1.23518569E-23  1.88502692E-25 -2.35842047E-23
  4.45544846E-24 -8.33943914E-24 -2.11048211E-24 -4.17977671E-23 -1.52699636E-22 -2.03394938E-23 -2.10649377E-23 -1.35205917E-23  1.69599827E-23  1.51806834E-23
 -6.61456558E-24  1.50250256E-23 -2.23149076E-24 -2.31341478E-23 -2.03394938E-23 -1.00106118E-22 -3.20012482E-24 -3.50724639E-23 -1.96469640E-23 -1.74052842E-23
  9.42183131E-24 -4.38795840E-24  2.40332098E-24 -3.29446153E-23 -2.10649377E-23 -3.20012482E-24 -1.33709933E-22 -1.49744398E-23 -4.10585849E-23 -2.09822789E-23
  2.50947422E-24 -7.06419181E-24  2.30849526E-24  1.23518569E-23 -1.35205917E-23 -3.50724639E-23 -1.49744398E-23 -9.57119641E-23  7.75442808E-24 -1.01592083E-23
  4.25053459E-24 -5.26394582E-24  2.63053224E-24  1.88502692E-25  1.69599827E-23 -1.96469640E-23 -4.10585849E-23  7.75442808E-24 -2.38680803E-22  1.75462311E-23
  8.33556511E-24  5.29577914E-24 -4.23630402E-24 -2.35842047E-23  1.51806834E-23 -1.74052842E-23 -2.09822789E-23 -1.01592083E-23  1.75462311E-23 -4.07764797E-22
   1.4380106953742306E-003
 -1.65556350E-23  8.16417930E-24  1.38825390E-23  7.10790847E-24 -1.81661676E-23 -9.62381221E-24  3.22353059E-24 -1.00155839E-24  3.09553857E-24  9.57993113E-25
  8.16417930E-24 -2.28438266E-23 -2.45088058E-23 -2.61572959E-23 -3.22614388E-24  1.42774775E-23 -7.32590138E-24 -7.53625644E-24 -1.75632344E-23 -5.29677303E-25
  1.38825390E-23 -2.45088058E-23 -5.13684993E-23 -3.78276733E-23  4.13496572E-23  1.91005603E-23 -8.65685327E-24  9.70933193E-24 -1.16910547E-23 -7.53143771E-24
  7.10790847E-24 -2.61572959E-23 -3.78276733E-23 -7.73937509E-23  4.69914479E-23  4.34429929E-23 -1.19342296E-23 -8.27114507E-24 -1.22343185E-23 -5.19519382E-24
 -1.81661676E-23 -3.22614388E-24  4.13496572E-23  4.69914479E-23 -2.43028353E-22 -8.43601489E-23  4.09291770E-23  7.80123282E-24 -5.12530268E-23  1.15702934E-23
 -9.62381221E-24  1.42774775E-23  1.91005603E-23  4.34429929E-23 -8.43601489E-23 -2.30530911E-22  4.95468136E-24  3.77188597E-23  1.22780990E-23 -3.20695895E-24
  3.22353059E-24 -7.32590138E-24 -8.65685327E-24 -1.19342296E-23  4.09291770E-23  4.95468136E-24 -9.08135707E-23 -6.61900471E-23 -8.02286754E-23 -2.04107213E-23
 -1.00155839E-24 -7.53625644E-24  9.70933193E-24 -8.27114507E-24  7.80123282E-24  3.77188597E-23 -6.61900471E-23 -5.51016480E-22 -5.00880146E-23 -1.02958471E-22
  3.09553857E-24 -1.75632344E-23 -1.16910547E-23 -1.22343185E-23 -5.12530268E-23  1.22780990E-23 -8.02286754E-23 -5.00880146E-23 -4.26063867E-22 -1.71391982E-23
  9.57993113E-25 -5.29677303E-25 -7.53143771E-24 -5.19519382E-24  1.15702934E-23 -3.20695895E-24 -2.04107213E-23 -1.02958471E-22 -1.71391982E-23 -8.39111415E-23
   1.6267015246096833E-003
 -2.20648021E-23 -8.88905156E-24 -2.95681875E-23  4.49513673E-24 -1.39456631E-23  6.65063788E-24  3.37697757E-24  4.28950732E-24  3.17930558E-24  4.46532330E-24
 -8.88905156E-24 -6.96064116E-23  1.82007565E-23 -2.12887753E-23 -2.07313507E-23 -5.47503610E-24 -9.39931250E-25  2.59355755E-24 -6.25253440E-24 -2.09012140E-23
 -2.95681875E-23  1.82007565E-23 -1.11743763E-22  3.48628067E-23 -1.43361495E-23  1.48457989E-23  1.06223585E-23 -3.21187486E-24  9.04335578E-24  6.24820290E-24
  4.49513673E-24 -2.12887753E-23  3.48628067E-23 -7.79562686E-23 -3.08230116E-25 -2.90215033E-23  5.31227251E-24 -3.33021244E-23  2.34925423E-23 -2.19878649E-23
 -1.39456631E-23 -2.07313507E-23 -1.43361495E-23 -3.08230116E-25 -9.53983595E-23  1.17159767E-23 -2.40413736E-23 -4.09662883E-25  1.68132802E-23  7.15595133E-24
  6.65063788E-24 -5.47503610E-24  1.48457989E-23 -2.90215033E-23  1.17159767E-23 -4.52081583E-23 -6.51674974E-24  7.21426810E-24 -6.67699958E-24 -1.25120369E-23
  3.37697757E-24 -9.39931250E-25  1.06223585E-23  5.31227251E-24 -2.40413736E-23 -6.51674974E-24 -1.35086014E-22  8.54157269E-23  8.11860899E-24 -8.75294847E-24
  4.28950732E-24  2.59355755E-24 -3.21187486E-24 -3.33021244E-23 -4.09662883E-25  7.21426810E-24  8.54157269E-23 -1.74789172E-22  3.15865664E-23 -1.34550273E-23
  3.17930558E-24 -6.25253440E-24  9.04335578E-24  2.34925423E-23  1.68132802E-23 -6.67699958E-24  8.11860899E-24  3.15865664E-23 -1.96535174E-22  6.77057283E-23
  4.46532330E-24 -2.09012140E-23  6.24820290E-24 -2.19878649E-23  7.15595133E-24 -1.25120369E-23 -8.75294847E-24 -1.34550273E-23  6.77057283E-23 -3.76708287E-22
   1.8401517170071025E-003
 -3.21614934E-23  1.04168982E-23 -1.85696651E-23 -1.68919377E-24  2.46905572E-25 -1.06192866E-24  1.25367657E-24 -3.67218033E-24  7.02861066E-24  3.37428897E-24
  1.04168982E-23 -5.71605217E-23 -5.88467488E-24 -7.06412598E-25 -1.31087589E-23  1.86797944E-24 -1.22943496E-23  6.61133708E-24 -5.70799870E-24  2.09159540E-24
 -1.85696651E-23 -5.88467488E-24 -2.26478556E-23 -7.50794125E-24 -4.08041514E-24 -1.29799718E-24 -1.54871680E-25 -1.19150251E-23 -1.73120960E-24  1.36470808E-24
 -1.68919377E-24 -7.06412598E-25 -7.50794125E-24 -7.21758119E-24 -9.67898609E-25  1.43322745E-24  2.02404417E-24 -1.17555023E-24 -1.30544358E-23  8.39911290E-25
  2.46905572E-25 -1.31087589E-23 -4.08041514E-24 -9.67898609E-25 -1.87693556E-23  2.98755552E-24  1.21500635E-23 -1.26575318E-23  1.13705310E-23 -4.80605653E-25
 -1.06192866E-24  1.86797944E-24 -1.29799718E-24  1.43322745E-24  2.98755552E-24 -2.24945270E-23 -3.14556923E-23 -2.44906471E-23 -5.45057837E-24 -8.09902776E-24
  1.25367657E-24 -1.22943496E-23 -1.54871680E-25  2.02404417E-24  1.21500635E-23 -3.14556923E-23 -8.78159353E-23 -1.04614344E-24 -2.64425521E-23  1.43378740E-24
 -3.67218033E-24  6.61133708E-24 -1.19150251E-23 -1.17555023E-24 -1.26575318E-23 -2.44906471E-23 -1.04614344E-24 -1.20003095E-22  1.23342810E-23 -3.33637546E-23
  7.02861066E-24 -5.70799870E-24 -1.73120960E-24 -1.30544358E-23  1.13705310E-23 -5.45057837E-24 -2.64425521E-23  1.23342810E-23 -1.38711957E-22 -1.01827792E-23
  3.37428897E-24  2.09159540E-24  1.36470808E-24  8.39911290E-25 -4.80605653E-25 -8.09902776E-24  1.43378740E-24 -3.33637546E-23 -1.01827792E-23 -8.23144420E-23
   2.0816101112443937E-003
 -1.92075845E-24  4.35473641E-25 -4.62449546E-25  4.94697011E-24 -1.88928831E-24 -1.16230930E-24 -8.84008338E-25  4.26891306E-24 -1.84415840E-24 -3.76047922E-24
  4.35473641E-25 -1.27282491E-23  6.19732785E-24 -1.00349761E-23  7.41860516E-24 -1.08295222E-23 -4.78149097E-24 -1.62441015E-25  7.41684374E-24 -1.99542140E-24
 -4.62449546E-25  6.19732785E-24 -1.19150452E-23  1.75952523E-23 -1.30196060E-23  1.29812141E-24  8.31679261E-25 -5.66493988E-24 -9.99264316E-24 -7.28670632E-25
  4.94697011E-24 -1.00349761E-23  1.75952523E-23 -4.89422661E-23  3.11204365E-23 -3.16007237E-24 -5.56941558E-24  1.34153740E-24 -1.35817635E-23  9.13673719E-25
 -1.88928831E-24  7.41860516E-24 -1.30196060E-23  3.11204365E-23 -6.07176742E-23  6.58684733E-24  1.82888218E-23  1.18500172E-23  1.01629364E-23 -1.67142963E-23
 -1.16230930E-24 -1.08295222E-23  1.29812141E-24 -3.16007237E-24  6.58684733E-24 -4.39761423E-23 -1.93567986E-23  3.01534153E-24 -2.95100778E-23  2.70146944E-26
 -8.84008338E-25 -4.78149097E-24  8.31679261E-25 -5.56941558E-24  1.82888218E-23 -1.93567986E-23 -3.28182283E-23 -3.63656465E-24 -1.25536612E-23  1.63900196E-23
  4.26891306E-24 -1.62441015E-25 -5.66493988E-24  1.34153740E-24  1.18500172E-23  3.01534153E-24 -3.63656465E-24 -2.98454417E-22  2.53510627E-23  2.45401774E-22
 -1.84415840E-24  7.41684374E-24 -9.99264316E-24 -1.35817635E-23  1.01629364E-23 -2.95100778E-23 -1.25536612E-23  2.53510627E-23 -5.09882586E-22 -2.06000793E-23
 -3.76047922E-24 -1.99542140E-24 -7.28670632E-25  9.13673719E-25 -1.67142963E-23  2.70146944E-26  1.63900196E-23  2.45401774E-22 -2.06000793E-23 -5.82362620E-22
   2.3547518474631118E-003
 -2.37169744E-23  7.20383326E-24  1.68487607E-23  2.77344694E-24 -1.84311795E-24  6.56952136E-25  5.27366822E-24  3.31373860E-24  1.03181944E-24  1.25347041E-25
  7.20383326E-24 -2.58634634E-23 -2.98687961E-24  1.05850451E-23  3.80773621E-24 -1.97556349E-24 -4.10266871E-24  1.02117503E-23  2.68326661E-24  6.21292065E-24
  1.68487607E-23 -2.98687961E-24 -2.14229828E-23 -2.08414352E-24  2.95378441E-24  3.22981381E-24 -8.83146652E-24  3.68775468E-24  1.87657386E-24  5.81893361E-25
  2.77344694E-24  1.05850451E-23 -2.08414352E-24 -1.39026958E-23  5.10713676E-24 -2.91162286E-24 -1.11481756E-24  4.31882159E-26  3.43412988E-24  7.14401824E-25
 -1.84311795E-24  3.80773621E-24  2.95378441E-24  5.10713676E-24 -3.98031434E-23  8.69101581E-24  2.25314779E-23  1.00585805E-23  9.52623348E-24  2.03724580E-24
  6.56952136E-25 -1.97556349E-24  3.22981381E-24 -2.91162286E-24  8.69101581E-24 -3.06980731E-23 -1.45822345E-23 -3.60759997E-23 -1.45842600E-23  3.20019273E-24
  5.27366822E-24 -4.10266871E-24 -8.83146652E-24 -1.11481756E-24  2.25314779E-23 -1.45822345E-23 -9.78597271E-23 -3.95793280E-24 -7.25734011E-23  2.06110483E-23
  3.31373860E-24  1.02117503E-23  3.68775468E-24  4.31882159E-26  1.00585805E-23 -3.60759997E-23 -3.95793280E-24 -1.39460931E-22 -3.18314690E-23 -9.68752731E-24
  1.03181944E-24  2.68326661E-24  1.87657386E-24  3.43412988E-24  9.52623348E-24 -1.45842600E-23 -7.25734011E-23 -3.18314690E-23 -8.22003887E-23  1.62091185E-23
  1.25347041E-25  6.21292065E-24  5.81893361E-25  7.14401824E-25  2.03724580E-24  3.20019273E-24  2.06110483E-23 -9.68752731E-24  1.62091185E-23 -7.03550160E-23
   2.6637343050837752E-003
 -1.51649456E-23 -2.81377675E-24  5.21107964E-24  1.01706479E-23  1.19596380E-23 -3.92338184E-24 -1.17789096E-25  7.31612555E-25  1.68760577E-24  7.72460468E-26
 -2.81377675E-24 -1.44627137E-23  4.10952518E-24  6.09130301E-24 -1.21865611E-23 -8.16449664E-24  3.42702586E-24 -2.20456905E-24 -1.83481621E-24  3.73143311E-24
  5.21107964E-24  4.10952518E-24 -9.30516926E-24 -7.86564892E-24 -7.46679403E-24  4.53902439E-24 -9.35888183E-25  1.77549767E-25  2.17219129E-24  1.44346576E-24
  1.01706479E-23  6.09130301E-24 -7.86564892E-24 -4.14339668E-23  1.70831500E-23 -1.18876707E-23 -7.58896342E-24  5.37153084E-24 -6.71680187E-24  5.88730750E-24
  1.19596380E-23 -1.21865611E-23 -7.46679403E-24  1.70831500E-23 -9.19637548E-23  4.33360527E-25  3.89894349E-23 -7.76225704E-24  1.27927098E-23 -7.89990275E-24
 -3.92338184E-24 -8.16449664E-24  4.53902439E-24 -1.18876707E-23  4.33360527E-25 -1.33005687E-22  3.53632951E-23 -6.29703974E-24  9.61596819E-24  8.81241110E-24
 -1.17789096E-25  3.42702586E-24 -9.35888183E-25 -7.58896342E-24  3.89894349E-23  3.53632951E-23 -7.85008259E-23  1.90570069E-23 -3.44636626E-23 -1.73340535E-23
  7.31612555E-25 -2.20456905E-24  1.77549767E-25  5.37153084E-24 -7.76225704E-24 -6.29703974E-24  1.90570069E-23 -4.55128875E-23  7.00045544E-24  3.64838800E-24
  1.68760577E-24 -1.83481621E-24  2.17219129E-24 -6.71680187E-24  1.27927098E-23  9.61596819E-24 -3.44636626E-23  7.00045544E-24 -4.20837928E-23 -2.52066486E-23
  7.72460468E-26  3.73143311E-24  1.44346576E-24  5.88730750E-24 -7.89990275E-24  8.81241110E-24 -1.73340535E-23  3.64838800E-24 -2.52066486E-23 -1.00360927E-22
   3.0132603805893342E-003
 -1.92880827E-22 -1.86047587E-24 -5.87655723E-23 -4.74699692E-23 -1.73869034E-23  5.77391129E-24 -4.23802755E-24 -2.25035607E-24 -1.08099076E-23  9.12290585E-24
 -1.86047587E-24 -2.23924974E-22 -1.03698196E-22  1.50420832E-23  1.00358206E-24  2.27905305E-23 -2.21136812E-23  2.11234585E-24  1.03175612E-23 -1.85122874E-23
 -5.87655723E-23 -1.03698196E-22 -9.68204469E-23 -3.95912906E-24  1.69432293E-23  1.59296899E-23 -1.20030234E-23  5.12624067E-24  7.59133662E-24  8.80031097E-24
 -4.74699692E-23  1.50420832E-23 -3.95912906E-24 -6.99355728E-23 -1.39659112E-23  2.89298234E-24  2.13117265E-23 -3.44430167E-24  7.80209621E-24  4.44215873E-24
 -1.73869034E-23  1.00358206E-24  1.69432293E-23 -1.39659112E-23 -3.81831472E-23 -5.94236425E-24  1.08014754E-23  2.37992716E-23  3.69173050E-23  7.84116087E-25
  5.77391129E-24  2.27905305E-23  1.59296899E-23  2.89298234E-24 -5.94236425E-24 -3.61565293E-23  1.13685506E-23  8.60127679E-24 -2.09083351E-23  1.73179806E-24
 -4.23802755E-24 -2.21136812E-23 -1.20030234E-23  2.13117265E-23  1.08014754E-23  1.13685506E-23 -1.31599356E-22  4.14763884E-23 -2.82169192E-23  7.01335986E-23
 -2.25035607E-24  2.11234585E-24  5.12624067E-24 -3.44430167E-24  2.37992716E-23  8.60127679E-24  4.14763884E-23 -1.26245614E-22 -9.03180600E-23 -1.10451226E-22
 -1.08099076E-23  1.03175612E-23  7.59133662E-24  7.80209621E-24  3.69173050E-23 -2.09083351E-23 -2.82169192E-23 -9.03180600E-23 -2.71397508E-22 -5.86370400E-23
  9.12290585E-24 -1.85122874E-23  8.80031097E-24  4.44215873E-24  7.84116087E-25  1.73179806E-24  7.01335986E-23 -1.10451226E-22 -5.86370400E-23 -2.82209199E-22
   3.4086500684023099E-003
 -1.72505105E-23  1.64949013E-24  2.12470790E-25 -6.58513123E-24 -3.41801845E-24  6.51425093E-24 -2.93958531E-24 -3.98259277E-24  1.24522517E-23 -3.83619442E-25
  1.64949013E-24 -8.65357987E-24 -5.56424036E-24  1.60170993E-24 -2.03483651E-24 -1.74932286E-24  9.90959162E-25 -1.87257321E-23  9.64284150E-25 -2.58863753E-24
  2.12470790E-25 -5.56424036E-24 -4.33953856E-23 -2.71323800E-23  1.30882734E-23 -2.03035681E-24  6.57843300E-24  9.98398694E-24  1.47402378E-23  6.68772623E-24
 -6.58513123E-24  1.60170993E-24 -2.71323800E-23 -2.92628681E-23  7.67384664E-24  1.32783234E-23  1.00370411E-24 -4.95173596E-24 -4.58696152E-24  6.44255757E-24
 -3.41801845E-24 -2.03483651E-24  1.30882734E-23  7.67384664E-24 -6.05805010E-23  2.05595695E-24 -1.88970059E-23 -3.38490576E-23 -3.82433805E-24  1.11568118E-23
  6.51425093E-24 -1.74932286E-24 -2.03035681E-24  1.32783234E-23  2.05595695E-24 -6.05450962E-23  7.72517538E-24  2.17705693E-23  5.36730437E-24 -1.43312986E-23
 -2.93958531E-24  9.90959162E-25  6.57843300E-24  1.00370411E-24 -1.88970059E-23  7.72517538E-24 -4.49544227E-23 -4.04382041E-23 -2.54452442E-23 -3.32659854E-24
 -3.98259277E-24 -1.87257321E-23  9.98398694E-24 -4.95173596E-24 -3.38490576E-23  2.17705693E-23 -4.04382041E-23 -5.76786934E-22 -1.53709511E-23 -3.58265754E-23
  1.24522517E-23  9.64284150E-25  1.47402378E-23 -4.58696152E-24 -3.82433805E-24  5.36730437E-24 -2.54452442E-23 -1.53709511E-23 -4.83409986E-22 -9.76879506E-24
 -3.83619442E-25 -2.58863753E-24  6.68772623E-24  6.44255757E-24  1.11568118E-23 -1.43312986E-23 -3.32659854E-24 -3.58265754E-23 -9.76879506E-24 -8.51583752E-23
   3.8559214343589668E-003
 -2.29024908E-23 -4.75510014E-23  2.11312576E-23  1.35713367E-23  1.68186419E-24  6.97100189E-26 -8.29188824E-24  2.01643830E-24 -5.58150609E-25  1.60969288E-24
 -4.75510014E-23 -1.53957011E-22  2.37697892E-23  1.02435719E-22  5.33893019E-24 -1.28984369E-23 -3.15573235E-23  7.58292815E-24 -2.05625661E-23  7.12163462E-24
  2.11312576E-23  2.37697892E-23 -2.37035439E-22  5.59152660E-23 -3.58619755E-23  1.90349258E-23 -8.85380962E-24 -3.72154268E-24  1.07406028E-23 -1.78395153E-23
  1.35713367E-23  1.02435719E-22  5.59152660E-23 -1.63441116E-22  1.60942635E-24  1.02463822E-23  5.22745103E-23 -4.68351062E-24 -1.98505331E-23  3.64657143E-23
